000001 | name00001 | 10 | 10 | 1996 | 15 | 93 | 35 | 86 | 92 | 64.20
000002 | name00002 | 17 | 01 | 1995 | 27 | 90 | 59 | 63 | 26 | 53.00
000003 | name00003 | 29 | 06 | 1995 | 36 | 11 | 68 | 67 | 29 | 42.20
000004 | name00004 | 28 | 02 | 1995 | 23 | 67 | 35 | 29 | 02 | 31.20
000005 | name00005 | 05 | 06 | 1996 | 67 | 93 | 56 | 11 | 42 | 53.80
000006 | name00006 | 24 | 09 | 1996 | 19 | 84 | 37 | 98 | 24 | 52.40
000007 | name00007 | 22 | 06 | 1996 | 26 | 91 | 80 | 56 | 73 | 65.20
000008 | name00008 | 20 | 02 | 1995 | 81 | 05 | 25 | 84 | 27 | 44.40
000009 | name00009 | 02 | 05 | 1995 | 29 | 13 | 57 | 24 | 95 | 43.60
000010 | name00010 | 22 | 09 | 1995 | 67 | 34 | 64 | 43 | 50 | 51.60
000011 | name00011 | 07 | 00 | 1995 | 78 | 88 | 84 | 03 | 51 | 60.80
000012 | name00012 | 00 | 07 | 1995 | 60 | 76 | 68 | 39 | 12 | 51.00
000013 | name00013 | 18 | 06 | 1995 | 39 | 95 | 70 | 34 | 78 | 63.20
000014 | name00014 | 17 | 09 | 1996 | 02 | 17 | 92 | 52 | 56 | 43.80
000015 | name00015 | 27 | 08 | 1995 | 41 | 65 | 89 | 44 | 19 | 51.60
000016 | name00016 | 14 | 09 | 1996 | 17 | 97 | 71 | 81 | 75 | 68.20
000017 | name00017 | 22 | 07 | 1996 | 56 | 97 | 53 | 86 | 65 | 71.40
000018 | name00018 | 20 | 11 | 1996 | 24 | 28 | 71 | 32 | 29 | 36.80
000019 | name00019 | 05 | 11 | 1995 | 68 | 08 | 15 | 40 | 49 | 36.00
000020 | name00020 | 11 | 11 | 1995 | 45 | 46 | 51 | 21 | 55 | 43.60
000021 | name00021 | 06 | 04 | 1995 | 28 | 41 | 50 | 93 | 00 | 42.40
000022 | name00022 | 20 | 04 | 1995 | 14 | 87 | 56 | 43 | 91 | 58.20
000023 | name00023 | 00 | 01 | 1996 | 36 | 32 | 51 | 37 | 28 | 36.80
000024 | name00024 | 18 | 11 | 1995 | 21 | 58 | 95 | 29 | 37 | 48.00
000025 | name00025 | 14 | 01 | 1995 | 28 | 43 | 11 | 28 | 29 | 27.80
000026 | name00026 | 24 | 04 | 1996 | 63 | 13 | 38 | 06 | 40 | 32.00
000027 | name00027 | 26 | 10 | 1995 | 88 | 69 | 17 | 17 | 96 | 57.40
000028 | name00028 | 03 | 03 | 1995 | 83 | 90 | 99 | 72 | 25 | 73.80
000029 | name00029 | 28 | 06 | 1996 | 39 | 54 | 86 | 69 | 82 | 66.00
000030 | name00030 | 17 | 08 | 1996 | 07 | 55 | 04 | 48 | 11 | 25.00
000031 | name00031 | 15 | 00 | 1996 | 43 | 46 | 68 | 40 | 22 | 43.80
000032 | name00032 | 10 | 10 | 1996 | 01 | 61 | 30 | 78 | 05 | 35.00
000033 | name00033 | 20 | 08 | 1995 | 26 | 22 | 65 | 08 | 16 | 27.40
000034 | name00034 | 04 | 02 | 1995 | 37 | 62 | 24 | 00 | 36 | 31.80
000035 | name00035 | 06 | 11 | 1996 | 50 | 68 | 71 | 73 | 31 | 58.60
000036 | name00036 | 24 | 10 | 1996 | 94 | 60 | 63 | 99 | 81 | 79.40
000037 | name00037 | 11 | 04 | 1996 | 73 | 13 | 68 | 90 | 95 | 67.80
000038 | name00038 | 28 | 02 | 1995 | 40 | 90 | 84 | 76 | 42 | 66.40
000039 | name00039 | 00 | 07 | 1996 | 56 | 79 | 18 | 87 | 12 | 50.40
000040 | name00040 | 16 | 04 | 1996 | 09 | 36 | 10 | 42 | 87 | 36.80
000041 | name00041 | 09 | 09 | 1996 | 72 | 21 | 55 | 19 | 99 | 53.20
000042 | name00042 | 20 | 08 | 1996 | 11 | 40 | 67 | 05 | 28 | 30.20
000043 | name00043 | 30 | 02 | 1995 | 58 | 20 | 24 | 22 | 69 | 38.60
000044 | name00044 | 30 | 01 | 1995 | 84 | 92 | 72 | 72 | 50 | 74.00
000045 | name00045 | 11 | 09 | 1995 | 99 | 40 | 42 | 98 | 13 | 58.40
000046 | name00046 | 21 | 02 | 1995 | 90 | 09 | 81 | 19 | 36 | 47.00
000047 | name00047 | 25 | 07 | 1995 | 04 | 79 | 69 | 73 | 76 | 60.20
000048 | name00048 | 14 | 07 | 1995 | 42 | 79 | 84 | 93 | 05 | 60.60
000049 | name00049 | 29 | 07 | 1995 | 13 | 61 | 54 | 26 | 59 | 42.60
000050 | name00050 | 06 | 10 | 1995 | 06 | 84 | 21 | 42 | 68 | 44.20
000051 | name00051 | 03 | 01 | 1995 | 08 | 58 | 98 | 36 | 08 | 41.60
000052 | name00052 | 07 | 08 | 1996 | 33 | 33 | 48 | 90 | 54 | 51.60
000053 | name00053 | 12 | 06 | 1995 | 29 | 00 | 46 | 88 | 97 | 52.00
000054 | name00054 | 17 | 10 | 1996 | 33 | 63 | 97 | 53 | 92 | 67.60
000055 | name00055 | 18 | 09 | 1995 | 96 | 75 | 88 | 57 | 29 | 69.00
000056 | name00056 | 11 | 00 | 1995 | 21 | 60 | 04 | 28 | 27 | 28.00
000057 | name00057 | 05 | 08 | 1995 | 02 | 94 | 97 | 99 | 43 | 67.00
000058 | name00058 | 00 | 02 | 1995 | 03 | 00 | 81 | 47 | 38 | 33.80
000059 | name00059 | 28 | 11 | 1996 | 34 | 39 | 92 | 15 | 27 | 41.40
000060 | name00060 | 06 | 05 | 1996 | 64 | 85 | 29 | 43 | 35 | 51.20
000061 | name00061 | 21 | 04 | 1995 | 71 | 49 | 89 | 67 | 88 | 72.80
000062 | name00062 | 11 | 11 | 1996 | 44 | 29 | 90 | 82 | 40 | 57.00
000063 | name00063 | 23 | 09 | 1995 | 32 | 61 | 42 | 60 | 17 | 42.40
000064 | name00064 | 07 | 05 | 1996 | 09 | 90 | 25 | 96 | 67 | 57.40
000065 | name00065 | 14 | 06 | 1995 | 26 | 24 | 57 | 14 | 68 | 37.80
000066 | name00066 | 09 | 02 | 1995 | 86 | 00 | 46 | 26 | 94 | 50.40
000067 | name00067 | 19 | 08 | 1995 | 29 | 46 | 90 | 47 | 70 | 56.40
000068 | name00068 | 23 | 00 | 1996 | 93 | 57 | 27 | 12 | 86 | 55.00
000069 | name00069 | 12 | 07 | 1995 | 90 | 12 | 79 | 10 | 69 | 52.00
000070 | name00070 | 01 | 02 | 1996 | 41 | 20 | 33 | 87 | 88 | 53.80
000071 | name00071 | 19 | 10 | 1995 | 84 | 56 | 17 | 06 | 60 | 44.60
000072 | name00072 | 24 | 05 | 1996 | 59 | 17 | 18 | 45 | 83 | 44.40
000073 | name00073 | 30 | 02 | 1996 | 37 | 89 | 83 | 07 | 78 | 58.80
000074 | name00074 | 05 | 10 | 1996 | 29 | 00 | 59 | 18 | 38 | 28.80
000075 | name00075 | 09 | 00 | 1995 | 33 | 57 | 81 | 93 | 58 | 64.40
000076 | name00076 | 04 | 07 | 1996 | 39 | 69 | 63 | 22 | 94 | 57.40
000077 | name00077 | 11 | 07 | 1996 | 62 | 82 | 90 | 92 | 91 | 83.40
000078 | name00078 | 15 | 03 | 1996 | 57 | 74 | 91 | 47 | 51 | 64.00
000079 | name00079 | 05 | 01 | 1996 | 40 | 54 | 30 | 98 | 25 | 49.40
000080 | name00080 | 22 | 04 | 1995 | 02 | 31 | 39 | 96 | 04 | 34.40
000081 | name00081 | 18 | 04 | 1995 | 21 | 70 | 62 | 12 | 79 | 48.80
000082 | name00082 | 10 | 01 | 1995 | 04 | 76 | 83 | 07 | 59 | 45.80
000083 | name00083 | 21 | 04 | 1996 | 11 | 27 | 50 | 36 | 60 | 36.80
000084 | name00084 | 11 | 05 | 1996 | 49 | 44 | 11 | 05 | 34 | 28.60
000085 | name00085 | 06 | 03 | 1996 | 14 | 89 | 68 | 93 | 18 | 56.40
000086 | name00086 | 06 | 10 | 1995 | 82 | 17 | 30 | 93 | 74 | 59.20
000087 | name00087 | 20 | 01 | 1995 | 53 | 43 | 74 | 14 | 13 | 39.40
000088 | name00088 | 10 | 05 | 1995 | 75 | 88 | 19 | 10 | 32 | 44.80
000089 | name00089 | 00 | 05 | 1995 | 35 | 37 | 91 | 53 | 43 | 51.80
000090 | name00090 | 18 | 08 | 1996 | 91 | 10 | 18 | 17 | 36 | 34.40
000091 | name00091 | 05 | 11 | 1995 | 58 | 30 | 04 | 71 | 61 | 44.80
000092 | name00092 | 21 | 09 | 1996 | 73 | 04 | 51 | 05 | 50 | 36.60
000093 | name00093 | 12 | 11 | 1996 | 06 | 95 | 39 | 49 | 20 | 41.80
000094 | name00094 | 08 | 02 | 1996 | 77 | 96 | 81 | 65 | 60 | 75.80
000095 | name00095 | 10 | 11 | 1995 | 18 | 11 | 42 | 32 | 96 | 39.80
000096 | name00096 | 17 | 09 | 1995 | 84 | 72 | 27 | 34 | 40 | 51.40
000097 | name00097 | 22 | 08 | 1995 | 30 | 63 | 47 | 50 | 30 | 44.00
000098 | name00098 | 19 | 02 | 1996 | 22 | 47 | 24 | 82 | 35 | 42.00
000099 | name00099 | 03 | 04 | 1995 | 43 | 98 | 86 | 40 | 78 | 69.00
000100 | name00100 | 01 | 02 | 1995 | 83 | 41 | 48 | 23 | 24 | 43.80
000101 | name00101 | 26 | 06 | 1995 | 35 | 21 | 57 | 65 | 47 | 45.00
000102 | name00102 | 14 | 08 | 1996 | 18 | 01 | 03 | 53 | 33 | 21.60
000103 | name00103 | 21 | 03 | 1995 | 06 | 97 | 20 | 84 | 08 | 43.00
000104 | name00104 | 28 | 10 | 1996 | 76 | 98 | 15 | 52 | 71 | 62.40
000105 | name00105 | 29 | 11 | 1995 | 10 | 16 | 24 | 09 | 39 | 19.60
000106 | name00106 | 23 | 10 | 1996 | 53 | 81 | 14 | 38 | 89 | 55.00
000107 | name00107 | 14 | 07 | 1996 | 23 | 87 | 31 | 32 | 22 | 39.00
000108 | name00108 | 07 | 03 | 1995 | 79 | 90 | 54 | 50 | 31 | 60.80
000109 | name00109 | 22 | 09 | 1995 | 81 | 81 | 03 | 20 | 33 | 43.60
000110 | name00110 | 27 | 05 | 1996 | 15 | 96 | 25 | 04 | 22 | 32.40
000111 | name00111 | 25 | 03 | 1996 | 32 | 34 | 81 | 06 | 15 | 33.60
000112 | name00112 | 25 | 08 | 1996 | 99 | 62 | 97 | 83 | 76 | 83.40
000113 | name00113 | 18 | 05 | 1996 | 87 | 32 | 82 | 21 | 66 | 57.60
000114 | name00114 | 12 | 04 | 1995 | 11 | 85 | 86 | 85 | 30 | 59.40
000115 | name00115 | 13 | 03 | 1995 | 76 | 16 | 20 | 92 | 25 | 45.80
000116 | name00116 | 10 | 07 | 1996 | 90 | 36 | 60 | 18 | 43 | 49.40
000117 | name00117 | 17 | 04 | 1995 | 21 | 10 | 55 | 88 | 25 | 39.80
000118 | name00118 | 18 | 10 | 1996 | 53 | 08 | 22 | 83 | 50 | 43.20
000119 | name00119 | 21 | 09 | 1996 | 26 | 69 | 71 | 51 | 49 | 53.20
000120 | name00120 | 23 | 00 | 1996 | 98 | 88 | 10 | 93 | 77 | 73.20
000121 | name00121 | 16 | 00 | 1996 | 52 | 31 | 87 | 77 | 99 | 69.20
000122 | name00122 | 12 | 10 | 1995 | 17 | 41 | 35 | 68 | 98 | 51.80
000123 | name00123 | 28 | 03 | 1995 | 05 | 66 | 28 | 54 | 28 | 36.20
000124 | name00124 | 09 | 05 | 1995 | 97 | 55 | 72 | 74 | 45 | 68.60
000125 | name00125 | 26 | 05 | 1996 | 83 | 12 | 27 | 82 | 21 | 45.00
000126 | name00126 | 16 | 10 | 1996 | 34 | 21 | 59 | 85 | 57 | 51.20
000127 | name00127 | 23 | 05 | 1995 | 72 | 41 | 16 | 52 | 50 | 46.20
000128 | name00128 | 10 | 02 | 1996 | 17 | 54 | 73 | 15 | 06 | 33.00
000129 | name00129 | 27 | 00 | 1995 | 63 | 91 | 72 | 37 | 37 | 60.00
000130 | name00130 | 14 | 04 | 1996 | 80 | 87 | 56 | 90 | 41 | 70.80
000131 | name00131 | 29 | 00 | 1996 | 11 | 69 | 17 | 61 | 83 | 48.20
000132 | name00132 | 23 | 08 | 1995 | 06 | 38 | 67 | 64 | 89 | 52.80
000133 | name00133 | 24 | 02 | 1995 | 75 | 79 | 41 | 12 | 38 | 49.00
000134 | name00134 | 21 | 04 | 1995 | 56 | 44 | 60 | 49 | 14 | 44.60
000135 | name00135 | 02 | 06 | 1995 | 86 | 83 | 39 | 69 | 35 | 62.40
000136 | name00136 | 04 | 01 | 1996 | 90 | 89 | 09 | 31 | 73 | 58.40
000137 | name00137 | 04 | 03 | 1995 | 95 | 77 | 13 | 33 | 98 | 63.20
000138 | name00138 | 20 | 11 | 1996 | 93 | 68 | 56 | 60 | 33 | 62.00
000139 | name00139 | 07 | 10 | 1996 | 58 | 77 | 40 | 45 | 81 | 60.20
000140 | name00140 | 27 | 02 | 1996 | 50 | 00 | 54 | 75 | 64 | 48.60
000141 | name00141 | 30 | 08 | 1996 | 19 | 89 | 44 | 69 | 38 | 51.80
000142 | name00142 | 20 | 00 | 1996 | 19 | 33 | 43 | 04 | 56 | 31.00
000143 | name00143 | 12 | 03 | 1995 | 11 | 67 | 12 | 92 | 29 | 42.20
000144 | name00144 | 00 | 08 | 1996 | 02 | 74 | 07 | 18 | 16 | 23.40
000145 | name00145 | 12 | 05 | 1996 | 72 | 73 | 57 | 62 | 25 | 57.80
000146 | name00146 | 08 | 09 | 1995 | 18 | 41 | 53 | 26 | 74 | 42.40
000147 | name00147 | 16 | 09 | 1996 | 48 | 05 | 30 | 29 | 59 | 34.20
000148 | name00148 | 11 | 04 | 1995 | 24 | 19 | 80 | 41 | 02 | 33.20
000149 | name00149 | 29 | 04 | 1995 | 83 | 89 | 40 | 08 | 23 | 48.60
000150 | name00150 | 23 | 01 | 1996 | 31 | 10 | 20 | 05 | 90 | 31.20
000151 | name00151 | 24 | 07 | 1995 | 70 | 21 | 67 | 29 | 71 | 51.60
000152 | name00152 | 00 | 03 | 1996 | 99 | 24 | 88 | 54 | 86 | 70.20
000153 | name00153 | 21 | 00 | 1996 | 10 | 73 | 30 | 33 | 63 | 41.80
000154 | name00154 | 01 | 03 | 1995 | 49 | 99 | 51 | 39 | 64 | 60.40
000155 | name00155 | 16 | 10 | 1995 | 15 | 49 | 15 | 86 | 81 | 49.20
000156 | name00156 | 13 | 02 | 1996 | 87 | 22 | 87 | 73 | 43 | 62.40
000157 | name00157 | 07 | 10 | 1995 | 44 | 24 | 39 | 59 | 63 | 45.80
000158 | name00158 | 26 | 05 | 1995 | 69 | 05 | 04 | 33 | 99 | 42.00
000159 | name00159 | 26 | 07 | 1996 | 35 | 87 | 53 | 69 | 50 | 58.80
000160 | name00160 | 21 | 10 | 1996 | 62 | 89 | 10 | 05 | 60 | 45.20
000161 | name00161 | 17 | 07 | 1996 | 29 | 03 | 16 | 92 | 21 | 32.20
000162 | name00162 | 17 | 01 | 1996 | 79 | 61 | 28 | 78 | 47 | 58.60
000163 | name00163 | 21 | 05 | 1995 | 87 | 99 | 51 | 89 | 86 | 82.40
000164 | name00164 | 01 | 02 | 1995 | 94 | 36 | 06 | 07 | 92 | 47.00
000165 | name00165 | 17 | 08 | 1996 | 20 | 80 | 66 | 94 | 54 | 62.80
000166 | name00166 | 09 | 05 | 1996 | 84 | 17 | 12 | 31 | 17 | 32.20
000167 | name00167 | 07 | 05 | 1995 | 08 | 69 | 45 | 95 | 22 | 47.80
000168 | name00168 | 11 | 11 | 1996 | 59 | 01 | 76 | 52 | 71 | 51.80
000169 | name00169 | 20 | 01 | 1996 | 72 | 91 | 89 | 27 | 66 | 69.00
000170 | name00170 | 03 | 00 | 1995 | 96 | 24 | 33 | 13 | 86 | 50.40
000171 | name00171 | 06 | 10 | 1995 | 68 | 15 | 41 | 42 | 39 | 41.00
000172 | name00172 | 17 | 03 | 1995 | 90 | 39 | 02 | 13 | 31 | 35.00
000173 | name00173 | 27 | 05 | 1995 | 71 | 46 | 83 | 38 | 25 | 52.60
000174 | name00174 | 26 | 08 | 1996 | 72 | 26 | 34 | 58 | 25 | 43.00
000175 | name00175 | 20 | 08 | 1996 | 72 | 46 | 39 | 11 | 83 | 50.20
000176 | name00176 | 03 | 01 | 1996 | 42 | 16 | 39 | 74 | 44 | 43.00
000177 | name00177 | 27 | 06 | 1996 | 94 | 13 | 57 | 19 | 60 | 48.60
000178 | name00178 | 27 | 00 | 1995 | 76 | 79 | 90 | 53 | 35 | 66.60
000179 | name00179 | 23 | 10 | 1996 | 41 | 37 | 70 | 76 | 40 | 52.80
000180 | name00180 | 19 | 05 | 1996 | 00 | 92 | 09 | 96 | 40 | 47.40
000181 | name00181 | 24 | 03 | 1996 | 04 | 73 | 06 | 64 | 23 | 34.00
000182 | name00182 | 22 | 05 | 1996 | 30 | 39 | 04 | 65 | 86 | 44.80
000183 | name00183 | 26 | 05 | 1996 | 91 | 47 | 07 | 84 | 31 | 52.00
000184 | name00184 | 10 | 03 | 1996 | 53 | 28 | 27 | 94 | 19 | 44.20
000185 | name00185 | 05 | 01 | 1996 | 68 | 87 | 39 | 43 | 38 | 55.00
000186 | name00186 | 24 | 06 | 1995 | 80 | 98 | 86 | 18 | 52 | 66.80
000187 | name00187 | 12 | 06 | 1996 | 10 | 05 | 79 | 42 | 66 | 40.40
000188 | name00188 | 26 | 09 | 1995 | 78 | 53 | 66 | 97 | 48 | 68.40
000189 | name00189 | 27 | 08 | 1995 | 86 | 12 | 59 | 77 | 00 | 46.80
000190 | name00190 | 12 | 09 | 1995 | 03 | 35 | 51 | 07 | 98 | 38.80
000191 | name00191 | 11 | 10 | 1996 | 06 | 34 | 03 | 25 | 84 | 30.40
000192 | name00192 | 00 | 09 | 1996 | 33 | 15 | 60 | 81 | 14 | 40.60
000193 | name00193 | 09 | 09 | 1995 | 97 | 08 | 29 | 49 | 13 | 39.20
000194 | name00194 | 08 | 06 | 1995 | 14 | 85 | 75 | 65 | 86 | 65.00
000195 | name00195 | 26 | 10 | 1995 | 16 | 29 | 69 | 52 | 09 | 35.00
000196 | name00196 | 26 | 07 | 1996 | 33 | 28 | 76 | 47 | 13 | 39.40
000197 | name00197 | 07 | 04 | 1995 | 86 | 29 | 63 | 00 | 08 | 37.20
000198 | name00198 | 04 | 08 | 1996 | 82 | 44 | 40 | 20 | 26 | 42.40
000199 | name00199 | 14 | 01 | 1995 | 99 | 34 | 46 | 08 | 53 | 48.00
000200 | name00200 | 17 | 07 | 1995 | 42 | 32 | 34 | 07 | 10 | 25.00
000201 | name00201 | 20 | 01 | 1995 | 15 | 84 | 96 | 24 | 82 | 60.20
000202 | name00202 | 08 | 07 | 1995 | 61 | 43 | 37 | 87 | 61 | 57.80
000203 | name00203 | 02 | 05 | 1995 | 88 | 79 | 20 | 41 | 93 | 64.20
000204 | name00204 | 20 | 00 | 1996 | 08 | 62 | 42 | 70 | 96 | 55.60
000205 | name00205 | 03 | 06 | 1996 | 00 | 15 | 87 | 34 | 32 | 33.60
000206 | name00206 | 12 | 06 | 1996 | 33 | 39 | 80 | 94 | 93 | 67.80
000207 | name00207 | 29 | 06 | 1995 | 44 | 75 | 23 | 38 | 51 | 46.20
000208 | name00208 | 15 | 01 | 1996 | 65 | 68 | 81 | 13 | 83 | 62.00
000209 | name00209 | 26 | 01 | 1996 | 14 | 64 | 69 | 46 | 07 | 40.00
000210 | name00210 | 17 | 07 | 1995 | 11 | 23 | 87 | 57 | 36 | 42.80
000211 | name00211 | 07 | 11 | 1996 | 20 | 14 | 71 | 71 | 18 | 38.80
000212 | name00212 | 01 | 02 | 1996 | 64 | 67 | 97 | 00 | 67 | 59.00
000213 | name00213 | 11 | 03 | 1996 | 90 | 57 | 32 | 49 | 29 | 51.40
000214 | name00214 | 23 | 02 | 1995 | 47 | 29 | 49 | 35 | 22 | 36.40
000215 | name00215 | 02 | 08 | 1996 | 55 | 39 | 66 | 25 | 36 | 44.20
000216 | name00216 | 06 | 04 | 1995 | 20 | 57 | 04 | 87 | 83 | 50.20
000217 | name00217 | 20 | 09 | 1995 | 97 | 05 | 27 | 78 | 28 | 47.00
000218 | name00218 | 24 | 02 | 1996 | 98 | 20 | 63 | 21 | 60 | 52.40
000219 | name00219 | 24 | 08 | 1996 | 23 | 82 | 92 | 11 | 35 | 48.60
000220 | name00220 | 07 | 11 | 1995 | 62 | 68 | 95 | 98 | 60 | 76.60
000221 | name00221 | 07 | 00 | 1996 | 73 | 03 | 87 | 54 | 73 | 58.00
000222 | name00222 | 25 | 09 | 1996 | 29 | 96 | 44 | 42 | 80 | 58.20
000223 | name00223 | 19 | 01 | 1996 | 47 | 54 | 66 | 34 | 59 | 52.00
000224 | name00224 | 17 | 10 | 1996 | 01 | 38 | 71 | 13 | 58 | 36.20
000225 | name00225 | 20 | 10 | 1995 | 55 | 61 | 90 | 80 | 71 | 71.40
000226 | name00226 | 04 | 11 | 1995 | 20 | 00 | 42 | 52 | 12 | 25.20
000227 | name00227 | 26 | 11 | 1996 | 58 | 25 | 94 | 17 | 58 | 50.40
000228 | name00228 | 05 | 10 | 1995 | 26 | 14 | 73 | 37 | 65 | 43.00
000229 | name00229 | 06 | 09 | 1995 | 09 | 63 | 00 | 32 | 86 | 38.00
000230 | name00230 | 06 | 01 | 1995 | 56 | 27 | 10 | 68 | 31 | 38.40
000231 | name00231 | 01 | 00 | 1996 | 46 | 74 | 58 | 05 | 10 | 38.60
000232 | name00232 | 11 | 09 | 1996 | 67 | 90 | 26 | 32 | 38 | 50.60
000233 | name00233 | 12 | 09 | 1995 | 62 | 57 | 32 | 48 | 61 | 52.00
000234 | name00234 | 25 | 07 | 1996 | 97 | 69 | 38 | 28 | 39 | 54.20
000235 | name00235 | 06 | 02 | 1996 | 92 | 80 | 42 | 54 | 33 | 60.20
000236 | name00236 | 26 | 11 | 1995 | 50 | 21 | 85 | 88 | 20 | 52.80
000237 | name00237 | 07 | 08 | 1995 | 47 | 25 | 83 | 61 | 94 | 62.00
000238 | name00238 | 24 | 10 | 1996 | 63 | 20 | 20 | 54 | 38 | 39.00
000239 | name00239 | 26 | 04 | 1995 | 22 | 34 | 85 | 08 | 94 | 48.60
000240 | name00240 | 00 | 00 | 1995 | 02 | 45 | 84 | 22 | 87 | 48.00
000241 | name00241 | 25 | 01 | 1996 | 02 | 92 | 48 | 96 | 86 | 64.80
000242 | name00242 | 28 | 08 | 1996 | 51 | 12 | 56 | 89 | 54 | 52.40
000243 | name00243 | 07 | 04 | 1995 | 82 | 57 | 88 | 76 | 37 | 68.00
000244 | name00244 | 05 | 04 | 1996 | 94 | 05 | 14 | 82 | 82 | 55.40
000245 | name00245 | 28 | 05 | 1995 | 15 | 17 | 84 | 53 | 99 | 53.60
000246 | name00246 | 06 | 02 | 1995 | 36 | 10 | 92 | 42 | 58 | 47.60
000247 | name00247 | 19 | 11 | 1996 | 21 | 11 | 69 | 10 | 60 | 34.20
000248 | name00248 | 25 | 06 | 1996 | 47 | 16 | 89 | 81 | 39 | 54.40
000249 | name00249 | 10 | 05 | 1995 | 75 | 01 | 11 | 74 | 78 | 47.80
000250 | name00250 | 26 | 01 | 1995 | 76 | 69 | 61 | 34 | 33 | 54.60
000251 | name00251 | 02 | 11 | 1995 | 99 | 97 | 16 | 60 | 39 | 62.20
000252 | name00252 | 13 | 11 | 1995 | 86 | 08 | 67 | 77 | 66 | 60.80
000253 | name00253 | 00 | 07 | 1996 | 37 | 46 | 19 | 67 | 12 | 36.20
000254 | name00254 | 13 | 02 | 1995 | 17 | 95 | 74 | 50 | 31 | 53.40
000255 | name00255 | 05 | 08 | 1995 | 51 | 25 | 42 | 90 | 47 | 51.00
000256 | name00256 | 26 | 00 | 1995 | 69 | 95 | 63 | 35 | 31 | 58.60
000257 | name00257 | 10 | 00 | 1995 | 97 | 00 | 88 | 61 | 96 | 68.40
000258 | name00258 | 17 | 01 | 1995 | 69 | 28 | 16 | 52 | 82 | 49.40
000259 | name00259 | 13 | 02 | 1996 | 02 | 77 | 23 | 49 | 90 | 48.20
000260 | name00260 | 04 | 03 | 1995 | 46 | 99 | 47 | 29 | 02 | 44.60
000261 | name00261 | 14 | 05 | 1996 | 28 | 89 | 13 | 76 | 63 | 53.80
000262 | name00262 | 12 | 10 | 1995 | 94 | 59 | 36 | 76 | 84 | 69.80
000263 | name00263 | 05 | 09 | 1995 | 00 | 84 | 39 | 90 | 35 | 49.60
000264 | name00264 | 09 | 02 | 1996 | 26 | 50 | 62 | 28 | 78 | 48.80
000265 | name00265 | 05 | 11 | 1995 | 53 | 44 | 34 | 69 | 11 | 42.20
000266 | name00266 | 28 | 01 | 1996 | 36 | 42 | 34 | 72 | 65 | 49.80
000267 | name00267 | 00 | 06 | 1996 | 32 | 49 | 07 | 67 | 76 | 46.20
000268 | name00268 | 21 | 01 | 1995 | 60 | 63 | 82 | 38 | 27 | 54.00
000269 | name00269 | 22 | 08 | 1996 | 58 | 30 | 54 | 69 | 07 | 43.60
000270 | name00270 | 01 | 03 | 1996 | 01 | 13 | 67 | 18 | 60 | 31.80
000271 | name00271 | 05 | 07 | 1995 | 31 | 43 | 12 | 07 | 53 | 29.20
000272 | name00272 | 09 | 02 | 1996 | 28 | 96 | 51 | 56 | 10 | 48.20
000273 | name00273 | 19 | 09 | 1996 | 81 | 95 | 90 | 89 | 54 | 81.80
000274 | name00274 | 16 | 08 | 1995 | 82 | 04 | 26 | 95 | 33 | 48.00
000275 | name00275 | 00 | 03 | 1995 | 57 | 51 | 24 | 10 | 64 | 41.20
000276 | name00276 | 24 | 03 | 1996 | 34 | 26 | 01 | 45 | 25 | 26.20
000277 | name00277 | 29 | 02 | 1995 | 89 | 56 | 47 | 95 | 26 | 62.60
000278 | name00278 | 02 | 03 | 1995 | 40 | 82 | 55 | 73 | 48 | 59.60
000279 | name00279 | 16 | 02 | 1996 | 46 | 66 | 67 | 63 | 04 | 49.20
000280 | name00280 | 12 | 00 | 1995 | 68 | 61 | 35 | 93 | 55 | 62.40
000281 | name00281 | 08 | 03 | 1995 | 10 | 51 | 91 | 88 | 35 | 55.00
000282 | name00282 | 00 | 04 | 1996 | 81 | 56 | 00 | 29 | 51 | 43.40
000283 | name00283 | 24 | 06 | 1996 | 60 | 01 | 64 | 64 | 43 | 46.40
000284 | name00284 | 06 | 07 | 1996 | 33 | 42 | 56 | 40 | 96 | 53.40
000285 | name00285 | 28 | 08 | 1995 | 10 | 28 | 46 | 97 | 75 | 51.20
000286 | name00286 | 13 | 08 | 1995 | 50 | 25 | 85 | 53 | 19 | 46.40
000287 | name00287 | 28 | 11 | 1995 | 24 | 19 | 96 | 67 | 44 | 50.00
000288 | name00288 | 04 | 02 | 1996 | 46 | 86 | 70 | 94 | 45 | 68.20
000289 | name00289 | 20 | 08 | 1995 | 86 | 98 | 05 | 13 | 44 | 49.20
000290 | name00290 | 12 | 09 | 1996 | 07 | 58 | 00 | 78 | 29 | 34.40
000291 | name00291 | 20 | 02 | 1996 | 79 | 07 | 72 | 75 | 10 | 48.60
000292 | name00292 | 08 | 00 | 1995 | 40 | 26 | 02 | 86 | 85 | 47.80
000293 | name00293 | 06 | 06 | 1996 | 04 | 51 | 37 | 01 | 33 | 25.20
000294 | name00294 | 19 | 04 | 1995 | 69 | 00 | 71 | 50 | 08 | 39.60
000295 | name00295 | 04 | 00 | 1996 | 88 | 28 | 62 | 51 | 83 | 62.40
000296 | name00296 | 29 | 07 | 1996 | 45 | 14 | 61 | 82 | 72 | 54.80
000297 | name00297 | 27 | 09 | 1996 | 11 | 94 | 30 | 44 | 57 | 47.20
000298 | name00298 | 13 | 09 | 1995 | 78 | 60 | 28 | 86 | 41 | 58.60
000299 | name00299 | 24 | 05 | 1995 | 65 | 39 | 33 | 48 | 58 | 48.60
000300 | name00300 | 21 | 07 | 1996 | 10 | 85 | 89 | 83 | 44 | 62.20
000301 | name00301 | 24 | 04 | 1996 | 93 | 42 | 00 | 50 | 20 | 41.00
000302 | name00302 | 27 | 04 | 1995 | 49 | 56 | 37 | 42 | 41 | 45.00
000303 | name00303 | 29 | 08 | 1995 | 54 | 09 | 58 | 64 | 54 | 47.80
000304 | name00304 | 23 | 07 | 1995 | 18 | 60 | 99 | 63 | 06 | 49.20
000305 | name00305 | 17 | 06 | 1996 | 05 | 70 | 01 | 77 | 11 | 32.80
000306 | name00306 | 08 | 04 | 1995 | 86 | 17 | 55 | 79 | 83 | 64.00
000307 | name00307 | 23 | 01 | 1996 | 89 | 47 | 53 | 95 | 80 | 72.80
000308 | name00308 | 26 | 11 | 1996 | 84 | 11 | 14 | 43 | 26 | 35.60
000309 | name00309 | 20 | 06 | 1995 | 07 | 96 | 61 | 18 | 25 | 41.40
000310 | name00310 | 25 | 03 | 1996 | 10 | 86 | 94 | 94 | 17 | 60.20
000311 | name00311 | 07 | 11 | 1995 | 82 | 37 | 53 | 15 | 13 | 40.00
000312 | name00312 | 22 | 02 | 1995 | 80 | 80 | 41 | 06 | 64 | 54.20
000313 | name00313 | 28 | 06 | 1996 | 31 | 52 | 42 | 09 | 45 | 35.80
000314 | name00314 | 22 | 04 | 1995 | 63 | 71 | 02 | 80 | 06 | 44.40
000315 | name00315 | 08 | 03 | 1996 | 74 | 44 | 56 | 88 | 61 | 64.60
000316 | name00316 | 02 | 02 | 1996 | 02 | 79 | 48 | 18 | 66 | 42.60
000317 | name00317 | 17 | 06 | 1995 | 42 | 84 | 59 | 88 | 61 | 66.80
000318 | name00318 | 27 | 08 | 1995 | 06 | 98 | 56 | 13 | 35 | 41.60
000319 | name00319 | 11 | 06 | 1995 | 44 | 10 | 02 | 57 | 32 | 29.00
000320 | name00320 | 11 | 11 | 1995 | 71 | 99 | 04 | 89 | 89 | 70.40
000321 | name00321 | 06 | 03 | 1995 | 82 | 50 | 72 | 43 | 86 | 66.60
000322 | name00322 | 09 | 11 | 1995 | 18 | 76 | 57 | 53 | 75 | 55.80
000323 | name00323 | 08 | 11 | 1996 | 25 | 69 | 77 | 09 | 09 | 37.80
000324 | name00324 | 19 | 07 | 1995 | 31 | 00 | 22 | 20 | 46 | 23.80
000325 | name00325 | 18 | 00 | 1996 | 64 | 28 | 24 | 50 | 48 | 42.80
000326 | name00326 | 25 | 10 | 1995 | 72 | 04 | 72 | 47 | 67 | 52.40
000327 | name00327 | 03 | 03 | 1996 | 09 | 48 | 54 | 70 | 28 | 41.80
000328 | name00328 | 17 | 03 | 1996 | 50 | 29 | 31 | 48 | 42 | 40.00
000329 | name00329 | 26 | 09 | 1995 | 68 | 54 | 08 | 69 | 98 | 59.40
000330 | name00330 | 22 | 11 | 1995 | 07 | 11 | 69 | 26 | 03 | 23.20
000331 | name00331 | 14 | 03 | 1995 | 88 | 26 | 86 | 16 | 76 | 58.40
000332 | name00332 | 16 | 03 | 1995 | 22 | 59 | 26 | 65 | 99 | 54.20
000333 | name00333 | 28 | 07 | 1996 | 58 | 32 | 88 | 08 | 87 | 54.60
000334 | name00334 | 06 | 06 | 1995 | 39 | 51 | 72 | 42 | 92 | 59.20
000335 | name00335 | 13 | 06 | 1995 | 22 | 93 | 49 | 98 | 86 | 69.60
000336 | name00336 | 02 | 08 | 1996 | 87 | 02 | 26 | 38 | 58 | 42.20
000337 | name00337 | 01 | 02 | 1995 | 81 | 46 | 28 | 20 | 74 | 49.80
000338 | name00338 | 11 | 10 | 1995 | 62 | 39 | 56 | 54 | 35 | 49.20
000339 | name00339 | 28 | 02 | 1996 | 60 | 35 | 07 | 46 | 64 | 42.40
000340 | name00340 | 23 | 11 | 1996 | 37 | 33 | 42 | 48 | 83 | 48.60
000341 | name00341 | 30 | 08 | 1995 | 46 | 49 | 37 | 21 | 59 | 42.40
000342 | name00342 | 24 | 03 | 1996 | 42 | 43 | 75 | 77 | 10 | 49.40
000343 | name00343 | 16 | 10 | 1995 | 97 | 93 | 17 | 61 | 28 | 59.20
000344 | name00344 | 12 | 01 | 1995 | 58 | 59 | 66 | 93 | 59 | 67.00
000345 | name00345 | 20 | 09 | 1996 | 35 | 46 | 30 | 95 | 02 | 41.60
000346 | name00346 | 30 | 00 | 1995 | 13 | 92 | 74 | 23 | 06 | 41.60
000347 | name00347 | 14 | 06 | 1996 | 06 | 63 | 17 | 34 | 39 | 31.80
000348 | name00348 | 00 | 04 | 1996 | 93 | 18 | 42 | 04 | 05 | 32.40
000349 | name00349 | 28 | 05 | 1995 | 02 | 44 | 87 | 04 | 61 | 39.60
000350 | name00350 | 19 | 01 | 1995 | 48 | 27 | 50 | 54 | 39 | 43.60
000351 | name00351 | 26 | 05 | 1996 | 11 | 26 | 80 | 02 | 12 | 26.20
000352 | name00352 | 26 | 00 | 1996 | 03 | 46 | 61 | 60 | 50 | 44.00
000353 | name00353 | 12 | 04 | 1996 | 71 | 40 | 57 | 84 | 48 | 60.00
000354 | name00354 | 11 | 03 | 1995 | 37 | 13 | 54 | 77 | 61 | 48.40
000355 | name00355 | 23 | 06 | 1995 | 42 | 54 | 26 | 54 | 39 | 43.00
000356 | name00356 | 19 | 08 | 1995 | 25 | 77 | 02 | 27 | 04 | 27.00
000357 | name00357 | 00 | 00 | 1996 | 46 | 90 | 60 | 94 | 00 | 58.00
000358 | name00358 | 23 | 06 | 1995 | 88 | 96 | 19 | 49 | 12 | 52.80
000359 | name00359 | 23 | 05 | 1995 | 48 | 51 | 60 | 87 | 82 | 65.60
000360 | name00360 | 20 | 05 | 1996 | 02 | 83 | 86 | 06 | 37 | 42.80
000361 | name00361 | 02 | 10 | 1995 | 09 | 46 | 30 | 09 | 69 | 32.60
000362 | name00362 | 08 | 11 | 1996 | 73 | 70 | 58 | 85 | 64 | 70.00
000363 | name00363 | 21 | 03 | 1995 | 86 | 52 | 03 | 68 | 76 | 57.00
000364 | name00364 | 24 | 11 | 1995 | 67 | 66 | 37 | 04 | 33 | 41.40
000365 | name00365 | 21 | 08 | 1995 | 17 | 75 | 55 | 38 | 00 | 37.00
000366 | name00366 | 27 | 11 | 1996 | 77 | 57 | 59 | 93 | 92 | 75.60
000367 | name00367 | 04 | 09 | 1995 | 02 | 60 | 47 | 31 | 44 | 36.80
000368 | name00368 | 22 | 01 | 1996 | 92 | 98 | 68 | 77 | 21 | 71.20
000369 | name00369 | 03 | 07 | 1995 | 87 | 79 | 80 | 87 | 86 | 83.80
000370 | name00370 | 17 | 09 | 1996 | 36 | 24 | 09 | 28 | 74 | 34.20
000371 | name00371 | 18 | 11 | 1996 | 27 | 58 | 60 | 71 | 84 | 60.00
000372 | name00372 | 14 | 07 | 1996 | 24 | 03 | 58 | 45 | 15 | 29.00
000373 | name00373 | 07 | 00 | 1996 | 61 | 68 | 42 | 47 | 00 | 43.60
000374 | name00374 | 01 | 10 | 1995 | 31 | 71 | 17 | 58 | 38 | 43.00
000375 | name00375 | 29 | 07 | 1996 | 34 | 99 | 40 | 70 | 72 | 63.00
000376 | name00376 | 28 | 11 | 1995 | 82 | 10 | 94 | 98 | 92 | 75.20
000377 | name00377 | 16 | 05 | 1996 | 02 | 47 | 52 | 54 | 55 | 42.00
000378 | name00378 | 24 | 07 | 1995 | 38 | 60 | 44 | 28 | 88 | 51.60
000379 | name00379 | 27 | 09 | 1995 | 34 | 37 | 44 | 07 | 65 | 37.40
000380 | name00380 | 07 | 03 | 1996 | 06 | 49 | 97 | 50 | 83 | 57.00
000381 | name00381 | 06 | 07 | 1995 | 50 | 55 | 92 | 05 | 21 | 44.60
000382 | name00382 | 25 | 07 | 1996 | 95 | 88 | 39 | 83 | 23 | 65.60
000383 | name00383 | 25 | 05 | 1995 | 26 | 02 | 65 | 91 | 50 | 46.80
000384 | name00384 | 12 | 10 | 1995 | 22 | 88 | 58 | 57 | 90 | 63.00
000385 | name00385 | 01 | 11 | 1995 | 68 | 40 | 97 | 41 | 75 | 64.20
000386 | name00386 | 26 | 09 | 1996 | 29 | 44 | 58 | 52 | 33 | 43.20
000387 | name00387 | 14 | 02 | 1996 | 70 | 27 | 50 | 72 | 00 | 43.80
000388 | name00388 | 09 | 00 | 1995 | 80 | 38 | 31 | 71 | 99 | 63.80
000389 | name00389 | 24 | 11 | 1996 | 19 | 61 | 12 | 46 | 54 | 38.40
000390 | name00390 | 30 | 01 | 1996 | 62 | 28 | 87 | 95 | 96 | 73.60
000391 | name00391 | 02 | 10 | 1995 | 29 | 56 | 38 | 29 | 96 | 49.60
000392 | name00392 | 03 | 07 | 1996 | 08 | 87 | 00 | 07 | 18 | 24.00
000393 | name00393 | 02 | 02 | 1996 | 28 | 90 | 35 | 82 | 08 | 48.60
000394 | name00394 | 09 | 09 | 1995 | 85 | 57 | 69 | 81 | 07 | 59.80
000395 | name00395 | 03 | 11 | 1995 | 79 | 89 | 18 | 27 | 07 | 44.00
000396 | name00396 | 19 | 08 | 1996 | 12 | 08 | 74 | 30 | 76 | 40.00
000397 | name00397 | 00 | 07 | 1995 | 46 | 55 | 39 | 06 | 12 | 31.60
000398 | name00398 | 11 | 04 | 1996 | 65 | 97 | 30 | 72 | 72 | 67.20
000399 | name00399 | 25 | 01 | 1996 | 18 | 31 | 83 | 77 | 56 | 53.00
000400 | name00400 | 21 | 08 | 1996 | 52 | 70 | 51 | 28 | 26 | 45.40
000401 | name00401 | 19 | 08 | 1995 | 30 | 75 | 79 | 94 | 84 | 72.40
000402 | name00402 | 22 | 07 | 1996 | 09 | 73 | 74 | 81 | 02 | 47.80
000403 | name00403 | 23 | 05 | 1995 | 66 | 20 | 01 | 74 | 11 | 34.40
000404 | name00404 | 00 | 03 | 1996 | 67 | 47 | 43 | 93 | 22 | 54.40
000405 | name00405 | 00 | 09 | 1995 | 07 | 96 | 98 | 91 | 08 | 60.00
000406 | name00406 | 07 | 09 | 1996 | 62 | 67 | 50 | 16 | 54 | 49.80
000407 | name00407 | 22 | 04 | 1995 | 59 | 41 | 46 | 23 | 38 | 41.40
000408 | name00408 | 27 | 10 | 1996 | 89 | 82 | 50 | 63 | 14 | 59.60
000409 | name00409 | 14 | 11 | 1996 | 16 | 65 | 65 | 24 | 06 | 35.20
000410 | name00410 | 13 | 01 | 1995 | 25 | 91 | 88 | 79 | 31 | 62.80
000411 | name00411 | 04 | 11 | 1995 | 69 | 97 | 13 | 59 | 91 | 65.80
000412 | name00412 | 03 | 00 | 1995 | 86 | 66 | 95 | 00 | 85 | 66.40
000413 | name00413 | 09 | 05 | 1996 | 79 | 38 | 77 | 37 | 96 | 65.40
000414 | name00414 | 03 | 09 | 1996 | 62 | 45 | 04 | 93 | 25 | 45.80
000415 | name00415 | 13 | 11 | 1995 | 05 | 49 | 05 | 48 | 53 | 32.00
000416 | name00416 | 10 | 09 | 1996 | 39 | 76 | 91 | 77 | 91 | 74.80
000417 | name00417 | 08 | 06 | 1995 | 55 | 08 | 60 | 51 | 26 | 40.00
000418 | name00418 | 18 | 01 | 1995 | 15 | 81 | 33 | 92 | 89 | 62.00
000419 | name00419 | 02 | 07 | 1995 | 70 | 96 | 94 | 23 | 70 | 70.60
000420 | name00420 | 21 | 10 | 1996 | 04 | 05 | 38 | 95 | 21 | 32.60
000421 | name00421 | 04 | 09 | 1995 | 77 | 29 | 80 | 55 | 99 | 68.00
000422 | name00422 | 05 | 04 | 1995 | 38 | 81 | 58 | 79 | 02 | 51.60
000423 | name00423 | 30 | 09 | 1995 | 46 | 72 | 47 | 16 | 47 | 45.60
000424 | name00424 | 26 | 09 | 1996 | 18 | 16 | 98 | 40 | 37 | 41.80
000425 | name00425 | 09 | 04 | 1995 | 49 | 96 | 21 | 48 | 05 | 43.80
000426 | name00426 | 24 | 06 | 1995 | 51 | 77 | 75 | 05 | 26 | 46.80
000427 | name00427 | 20 | 06 | 1995 | 25 | 29 | 88 | 72 | 43 | 51.40
000428 | name00428 | 06 | 08 | 1996 | 86 | 26 | 01 | 23 | 94 | 46.00
000429 | name00429 | 29 | 09 | 1995 | 18 | 62 | 96 | 24 | 32 | 46.40
000430 | name00430 | 20 | 08 | 1996 | 40 | 47 | 92 | 18 | 00 | 39.40
000431 | name00431 | 10 | 03 | 1996 | 04 | 83 | 50 | 47 | 01 | 37.00
000432 | name00432 | 15 | 04 | 1996 | 04 | 62 | 62 | 51 | 32 | 42.20
000433 | name00433 | 26 | 07 | 1995 | 66 | 43 | 26 | 50 | 58 | 48.60
000434 | name00434 | 27 | 01 | 1995 | 98 | 29 | 69 | 98 | 04 | 59.60
000435 | name00435 | 07 | 08 | 1995 | 47 | 78 | 55 | 49 | 08 | 47.40
000436 | name00436 | 06 | 08 | 1995 | 77 | 51 | 15 | 09 | 54 | 41.20
000437 | name00437 | 25 | 00 | 1995 | 10 | 90 | 70 | 68 | 41 | 55.80
000438 | name00438 | 29 | 03 | 1996 | 89 | 40 | 89 | 93 | 04 | 63.00
000439 | name00439 | 07 | 09 | 1996 | 47 | 08 | 52 | 55 | 23 | 37.00
000440 | name00440 | 01 | 04 | 1996 | 92 | 39 | 62 | 46 | 54 | 58.60
000441 | name00441 | 15 | 11 | 1995 | 69 | 89 | 84 | 10 | 49 | 60.20
000442 | name00442 | 25 | 01 | 1995 | 47 | 42 | 83 | 03 | 12 | 37.40
000443 | name00443 | 27 | 03 | 1996 | 96 | 11 | 19 | 71 | 52 | 49.80
000444 | name00444 | 22 | 00 | 1995 | 30 | 87 | 43 | 36 | 65 | 52.20
000445 | name00445 | 10 | 04 | 1995 | 03 | 89 | 96 | 04 | 96 | 57.60
000446 | name00446 | 02 | 06 | 1995 | 92 | 29 | 99 | 56 | 17 | 58.60
000447 | name00447 | 01 | 11 | 1996 | 22 | 86 | 37 | 74 | 77 | 59.20
000448 | name00448 | 18 | 03 | 1995 | 00 | 66 | 96 | 66 | 80 | 61.60
000449 | name00449 | 10 | 00 | 1996 | 38 | 97 | 40 | 34 | 46 | 51.00
000450 | name00450 | 30 | 10 | 1995 | 16 | 82 | 46 | 85 | 92 | 64.20
000451 | name00451 | 16 | 11 | 1995 | 52 | 40 | 41 | 30 | 53 | 43.20
000452 | name00452 | 21 | 02 | 1995 | 30 | 86 | 72 | 62 | 87 | 67.40
000453 | name00453 | 03 | 05 | 1996 | 21 | 89 | 60 | 20 | 76 | 53.20
000454 | name00454 | 14 | 06 | 1995 | 24 | 09 | 29 | 69 | 75 | 41.20
000455 | name00455 | 11 | 07 | 1996 | 20 | 24 | 09 | 74 | 88 | 43.00
000456 | name00456 | 27 | 04 | 1995 | 38 | 52 | 32 | 25 | 76 | 44.60
000457 | name00457 | 20 | 11 | 1995 | 71 | 63 | 70 | 47 | 57 | 61.60
000458 | name00458 | 30 | 11 | 1995 | 41 | 21 | 03 | 16 | 53 | 26.80
000459 | name00459 | 05 | 04 | 1995 | 63 | 05 | 52 | 03 | 57 | 36.00
000460 | name00460 | 08 | 02 | 1996 | 36 | 58 | 20 | 12 | 92 | 43.60
000461 | name00461 | 29 | 02 | 1995 | 38 | 32 | 63 | 48 | 65 | 49.20
000462 | name00462 | 18 | 10 | 1995 | 28 | 37 | 27 | 33 | 75 | 40.00
000463 | name00463 | 09 | 03 | 1995 | 28 | 11 | 46 | 85 | 95 | 53.00
000464 | name00464 | 19 | 08 | 1996 | 82 | 05 | 96 | 75 | 28 | 57.20
000465 | name00465 | 21 | 11 | 1996 | 43 | 54 | 67 | 60 | 61 | 57.00
000466 | name00466 | 16 | 02 | 1996 | 38 | 97 | 75 | 13 | 20 | 48.60
000467 | name00467 | 27 | 08 | 1996 | 98 | 02 | 38 | 45 | 74 | 51.40
000468 | name00468 | 09 | 09 | 1995 | 28 | 25 | 31 | 08 | 35 | 25.40
000469 | name00469 | 18 | 07 | 1995 | 77 | 46 | 90 | 90 | 47 | 70.00
000470 | name00470 | 13 | 08 | 1996 | 10 | 07 | 51 | 83 | 93 | 48.80
000471 | name00471 | 21 | 08 | 1996 | 09 | 26 | 89 | 35 | 49 | 41.60
000472 | name00472 | 12 | 03 | 1996 | 95 | 23 | 38 | 30 | 97 | 56.60
000473 | name00473 | 14 | 05 | 1995 | 16 | 55 | 65 | 15 | 68 | 43.80
000474 | name00474 | 04 | 01 | 1996 | 56 | 56 | 14 | 01 | 15 | 28.40
000475 | name00475 | 28 | 01 | 1995 | 76 | 38 | 11 | 26 | 08 | 31.80
000476 | name00476 | 23 | 07 | 1996 | 77 | 93 | 85 | 75 | 11 | 68.20
000477 | name00477 | 09 | 09 | 1996 | 06 | 18 | 42 | 74 | 67 | 41.40
000478 | name00478 | 03 | 09 | 1996 | 03 | 67 | 77 | 18 | 69 | 46.80
000479 | name00479 | 05 | 10 | 1995 | 64 | 05 | 24 | 72 | 60 | 45.00
000480 | name00480 | 11 | 07 | 1996 | 25 | 64 | 64 | 36 | 15 | 40.80
000481 | name00481 | 04 | 03 | 1996 | 84 | 09 | 95 | 52 | 57 | 59.40
000482 | name00482 | 16 | 11 | 1995 | 20 | 56 | 31 | 90 | 82 | 55.80
000483 | name00483 | 13 | 08 | 1995 | 83 | 12 | 70 | 43 | 91 | 59.80
000484 | name00484 | 29 | 00 | 1995 | 66 | 97 | 04 | 81 | 63 | 62.20
000485 | name00485 | 23 | 06 | 1996 | 81 | 01 | 51 | 90 | 02 | 45.00
000486 | name00486 | 26 | 06 | 1996 | 87 | 33 | 65 | 70 | 11 | 53.20
000487 | name00487 | 04 | 04 | 1995 | 17 | 91 | 89 | 60 | 92 | 69.80
000488 | name00488 | 02 | 05 | 1995 | 70 | 33 | 91 | 85 | 57 | 67.20
000489 | name00489 | 25 | 09 | 1995 | 99 | 88 | 80 | 53 | 71 | 78.20
000490 | name00490 | 10 | 00 | 1996 | 20 | 45 | 81 | 83 | 50 | 55.80
000491 | name00491 | 26 | 01 | 1996 | 92 | 70 | 80 | 37 | 43 | 64.40
000492 | name00492 | 22 | 11 | 1995 | 94 | 39 | 03 | 03 | 88 | 45.40
000493 | name00493 | 21 | 09 | 1996 | 81 | 25 | 41 | 52 | 12 | 42.20
000494 | name00494 | 19 | 03 | 1995 | 67 | 44 | 15 | 69 | 46 | 48.20
000495 | name00495 | 02 | 01 | 1995 | 14 | 21 | 27 | 09 | 30 | 20.20
000496 | name00496 | 20 | 03 | 1995 | 66 | 31 | 80 | 54 | 71 | 60.40
000497 | name00497 | 00 | 02 | 1995 | 03 | 35 | 57 | 15 | 56 | 33.20
000498 | name00498 | 21 | 07 | 1996 | 17 | 14 | 45 | 63 | 58 | 39.40
000499 | name00499 | 27 | 01 | 1995 | 07 | 81 | 33 | 89 | 08 | 43.60
000500 | name00500 | 13 | 09 | 1995 | 92 | 49 | 28 | 15 | 75 | 51.80
000501 | name00501 | 18 | 08 | 1995 | 57 | 81 | 45 | 66 | 53 | 60.40
000502 | name00502 | 04 | 05 | 1995 | 58 | 38 | 85 | 16 | 24 | 44.20
000503 | name00503 | 27 | 00 | 1996 | 72 | 77 | 72 | 32 | 38 | 58.20
000504 | name00504 | 30 | 10 | 1995 | 91 | 86 | 50 | 18 | 09 | 50.80
000505 | name00505 | 09 | 08 | 1995 | 55 | 45 | 84 | 08 | 89 | 56.20
000506 | name00506 | 21 | 07 | 1996 | 16 | 64 | 15 | 93 | 55 | 48.60
000507 | name00507 | 24 | 00 | 1996 | 85 | 01 | 11 | 75 | 95 | 53.40
000508 | name00508 | 23 | 02 | 1995 | 56 | 12 | 57 | 17 | 86 | 45.60
000509 | name00509 | 25 | 11 | 1996 | 03 | 72 | 49 | 92 | 50 | 53.20
000510 | name00510 | 13 | 08 | 1995 | 97 | 55 | 11 | 04 | 15 | 36.40
000511 | name00511 | 02 | 00 | 1995 | 93 | 47 | 27 | 88 | 17 | 54.40
000512 | name00512 | 22 | 02 | 1996 | 01 | 83 | 90 | 87 | 41 | 60.40
000513 | name00513 | 21 | 00 | 1995 | 01 | 30 | 88 | 03 | 10 | 26.40
000514 | name00514 | 08 | 10 | 1996 | 36 | 85 | 64 | 03 | 77 | 53.00
000515 | name00515 | 06 | 03 | 1995 | 47 | 82 | 58 | 64 | 72 | 64.60
000516 | name00516 | 00 | 01 | 1996 | 68 | 79 | 61 | 61 | 09 | 55.60
000517 | name00517 | 28 | 01 | 1995 | 19 | 46 | 66 | 82 | 78 | 58.20
000518 | name00518 | 23 | 01 | 1995 | 25 | 57 | 69 | 03 | 57 | 42.20
000519 | name00519 | 09 | 05 | 1996 | 07 | 84 | 69 | 31 | 69 | 52.00
000520 | name00520 | 04 | 04 | 1996 | 90 | 65 | 51 | 51 | 07 | 52.80
000521 | name00521 | 29 | 06 | 1995 | 06 | 28 | 60 | 85 | 68 | 49.40
000522 | name00522 | 07 | 11 | 1996 | 11 | 21 | 00 | 69 | 45 | 29.20
000523 | name00523 | 14 | 02 | 1995 | 62 | 95 | 35 | 31 | 06 | 45.80
000524 | name00524 | 11 | 08 | 1996 | 57 | 23 | 00 | 16 | 32 | 25.60
000525 | name00525 | 05 | 03 | 1995 | 42 | 07 | 75 | 62 | 13 | 39.80
000526 | name00526 | 13 | 08 | 1996 | 00 | 60 | 46 | 97 | 38 | 48.20
000527 | name00527 | 17 | 06 | 1995 | 71 | 89 | 31 | 78 | 81 | 70.00
000528 | name00528 | 05 | 03 | 1996 | 27 | 79 | 07 | 11 | 94 | 43.60
000529 | name00529 | 11 | 10 | 1995 | 14 | 29 | 03 | 79 | 08 | 26.60
000530 | name00530 | 06 | 04 | 1995 | 75 | 54 | 10 | 14 | 78 | 46.20
000531 | name00531 | 00 | 10 | 1995 | 53 | 98 | 80 | 87 | 54 | 74.40
000532 | name00532 | 07 | 10 | 1996 | 38 | 37 | 45 | 84 | 44 | 49.60
000533 | name00533 | 17 | 01 | 1995 | 28 | 28 | 37 | 89 | 91 | 54.60
000534 | name00534 | 11 | 05 | 1995 | 00 | 59 | 32 | 79 | 23 | 38.60
000535 | name00535 | 00 | 01 | 1996 | 97 | 09 | 16 | 03 | 20 | 29.00
000536 | name00536 | 17 | 00 | 1995 | 83 | 33 | 95 | 27 | 32 | 54.00
000537 | name00537 | 23 | 05 | 1996 | 48 | 27 | 02 | 91 | 73 | 48.20
000538 | name00538 | 05 | 05 | 1996 | 63 | 42 | 04 | 38 | 93 | 48.00
000539 | name00539 | 15 | 07 | 1995 | 46 | 87 | 45 | 66 | 33 | 55.40
000540 | name00540 | 08 | 09 | 1996 | 15 | 72 | 48 | 99 | 92 | 65.20
000541 | name00541 | 20 | 08 | 1995 | 65 | 14 | 31 | 90 | 70 | 54.00
000542 | name00542 | 03 | 11 | 1996 | 86 | 72 | 23 | 79 | 57 | 63.40
000543 | name00543 | 10 | 05 | 1995 | 82 | 18 | 22 | 68 | 52 | 48.40
000544 | name00544 | 11 | 09 | 1996 | 71 | 89 | 18 | 15 | 27 | 44.00
000545 | name00545 | 13 | 11 | 1995 | 49 | 38 | 34 | 19 | 83 | 44.60
000546 | name00546 | 12 | 08 | 1996 | 74 | 28 | 49 | 83 | 23 | 51.40
000547 | name00547 | 08 | 07 | 1996 | 93 | 62 | 25 | 45 | 13 | 47.60
000548 | name00548 | 30 | 00 | 1996 | 56 | 34 | 52 | 83 | 17 | 48.40
000549 | name00549 | 11 | 00 | 1996 | 50 | 66 | 86 | 33 | 68 | 60.60
000550 | name00550 | 27 | 11 | 1995 | 71 | 04 | 78 | 46 | 78 | 55.40
000551 | name00551 | 03 | 03 | 1996 | 79 | 33 | 68 | 93 | 99 | 74.40
000552 | name00552 | 23 | 02 | 1996 | 19 | 34 | 91 | 88 | 94 | 65.20
000553 | name00553 | 08 | 03 | 1996 | 89 | 94 | 30 | 58 | 37 | 61.60
000554 | name00554 | 13 | 00 | 1995 | 89 | 82 | 58 | 20 | 00 | 49.80
000555 | name00555 | 14 | 11 | 1996 | 46 | 12 | 76 | 46 | 96 | 55.20
000556 | name00556 | 08 | 09 | 1996 | 45 | 44 | 56 | 91 | 67 | 60.60
000557 | name00557 | 13 | 04 | 1996 | 09 | 19 | 19 | 98 | 56 | 40.20
000558 | name00558 | 28 | 02 | 1995 | 06 | 16 | 18 | 58 | 82 | 36.00
000559 | name00559 | 26 | 09 | 1995 | 73 | 18 | 26 | 70 | 28 | 43.00
000560 | name00560 | 21 | 01 | 1996 | 76 | 45 | 65 | 96 | 09 | 58.20
000561 | name00561 | 07 | 01 | 1995 | 24 | 24 | 69 | 33 | 47 | 39.40
000562 | name00562 | 13 | 07 | 1996 | 96 | 49 | 63 | 78 | 10 | 59.20
000563 | name00563 | 10 | 06 | 1995 | 75 | 85 | 58 | 03 | 65 | 57.20
000564 | name00564 | 05 | 09 | 1996 | 93 | 94 | 37 | 54 | 99 | 75.40
000565 | name00565 | 02 | 04 | 1995 | 18 | 45 | 09 | 18 | 25 | 23.00
000566 | name00566 | 23 | 07 | 1996 | 41 | 39 | 51 | 03 | 96 | 46.00
000567 | name00567 | 09 | 03 | 1996 | 94 | 49 | 78 | 11 | 97 | 65.80
000568 | name00568 | 26 | 09 | 1995 | 53 | 42 | 96 | 05 | 89 | 57.00
000569 | name00569 | 29 | 01 | 1996 | 18 | 94 | 77 | 43 | 86 | 63.60
000570 | name00570 | 18 | 04 | 1996 | 92 | 67 | 82 | 40 | 28 | 61.80
000571 | name00571 | 18 | 11 | 1996 | 75 | 45 | 34 | 72 | 05 | 46.20
000572 | name00572 | 10 | 06 | 1995 | 34 | 10 | 15 | 23 | 35 | 23.40
000573 | name00573 | 25 | 10 | 1996 | 94 | 60 | 96 | 32 | 13 | 59.00
000574 | name00574 | 28 | 11 | 1996 | 31 | 94 | 49 | 59 | 20 | 50.60
000575 | name00575 | 17 | 06 | 1996 | 61 | 21 | 20 | 66 | 12 | 36.00
000576 | name00576 | 26 | 05 | 1995 | 49 | 44 | 21 | 84 | 45 | 48.60
000577 | name00577 | 02 | 05 | 1996 | 16 | 85 | 24 | 81 | 49 | 51.00
000578 | name00578 | 01 | 06 | 1995 | 81 | 91 | 91 | 53 | 07 | 64.60
000579 | name00579 | 15 | 05 | 1995 | 47 | 73 | 87 | 11 | 59 | 55.40
000580 | name00580 | 07 | 10 | 1995 | 60 | 31 | 44 | 57 | 87 | 55.80
000581 | name00581 | 13 | 05 | 1996 | 18 | 25 | 88 | 67 | 12 | 42.00
000582 | name00582 | 08 | 03 | 1995 | 69 | 91 | 51 | 28 | 69 | 61.60
000583 | name00583 | 13 | 09 | 1995 | 77 | 84 | 79 | 89 | 00 | 65.80
000584 | name00584 | 02 | 05 | 1995 | 73 | 94 | 18 | 12 | 27 | 44.80
000585 | name00585 | 23 | 08 | 1995 | 96 | 08 | 65 | 60 | 39 | 53.60
000586 | name00586 | 30 | 02 | 1995 | 08 | 10 | 89 | 29 | 14 | 30.00
000587 | name00587 | 09 | 05 | 1995 | 74 | 28 | 81 | 74 | 18 | 55.00
000588 | name00588 | 17 | 06 | 1996 | 76 | 56 | 55 | 04 | 27 | 43.60
000589 | name00589 | 07 | 02 | 1996 | 36 | 19 | 36 | 27 | 36 | 30.80
000590 | name00590 | 02 | 03 | 1995 | 04 | 76 | 73 | 19 | 66 | 47.60
000591 | name00591 | 22 | 03 | 1995 | 51 | 96 | 66 | 21 | 78 | 62.40
000592 | name00592 | 29 | 00 | 1996 | 61 | 71 | 11 | 41 | 99 | 56.60
000593 | name00593 | 16 | 04 | 1996 | 32 | 04 | 14 | 21 | 99 | 34.00
000594 | name00594 | 20 | 05 | 1996 | 30 | 91 | 26 | 96 | 65 | 61.60
000595 | name00595 | 15 | 09 | 1995 | 37 | 03 | 89 | 16 | 08 | 30.60
000596 | name00596 | 00 | 07 | 1995 | 77 | 86 | 15 | 28 | 51 | 51.40
000597 | name00597 | 04 | 03 | 1996 | 88 | 29 | 56 | 39 | 82 | 58.80
000598 | name00598 | 11 | 02 | 1995 | 65 | 21 | 09 | 82 | 62 | 47.80
000599 | name00599 | 12 | 03 | 1995 | 01 | 40 | 68 | 62 | 46 | 43.40
000600 | name00600 | 22 | 08 | 1996 | 29 | 03 | 03 | 80 | 86 | 40.20
000601 | name00601 | 04 | 11 | 1995 | 99 | 72 | 65 | 81 | 46 | 72.60
000602 | name00602 | 18 | 02 | 1996 | 81 | 55 | 45 | 43 | 53 | 55.40
000603 | name00603 | 03 | 07 | 1995 | 89 | 63 | 68 | 35 | 58 | 62.60
000604 | name00604 | 08 | 02 | 1996 | 59 | 65 | 67 | 46 | 83 | 64.00
000605 | name00605 | 07 | 08 | 1995 | 07 | 38 | 15 | 53 | 50 | 32.60
000606 | name00606 | 27 | 08 | 1996 | 64 | 61 | 78 | 69 | 10 | 56.40
000607 | name00607 | 09 | 08 | 1996 | 89 | 44 | 34 | 48 | 01 | 43.20
000608 | name00608 | 27 | 11 | 1995 | 61 | 55 | 58 | 96 | 90 | 72.00
000609 | name00609 | 18 | 10 | 1996 | 21 | 97 | 50 | 23 | 59 | 50.00
000610 | name00610 | 16 | 10 | 1996 | 31 | 84 | 45 | 41 | 10 | 42.20
000611 | name00611 | 19 | 00 | 1995 | 65 | 26 | 00 | 66 | 74 | 46.20
000612 | name00612 | 03 | 07 | 1996 | 42 | 37 | 83 | 32 | 68 | 52.40
000613 | name00613 | 25 | 09 | 1996 | 63 | 31 | 64 | 22 | 49 | 45.80
000614 | name00614 | 02 | 09 | 1996 | 07 | 94 | 22 | 17 | 15 | 31.00
000615 | name00615 | 03 | 09 | 1996 | 93 | 17 | 47 | 68 | 05 | 46.00
000616 | name00616 | 01 | 07 | 1996 | 64 | 91 | 32 | 84 | 56 | 65.40
000617 | name00617 | 08 | 10 | 1996 | 45 | 42 | 45 | 94 | 65 | 58.20
000618 | name00618 | 29 | 07 | 1995 | 89 | 02 | 89 | 05 | 17 | 40.40
000619 | name00619 | 05 | 02 | 1995 | 28 | 85 | 30 | 85 | 64 | 58.40
000620 | name00620 | 01 | 01 | 1995 | 77 | 17 | 64 | 85 | 30 | 54.60
000621 | name00621 | 06 | 01 | 1996 | 37 | 54 | 22 | 02 | 01 | 23.20
000622 | name00622 | 07 | 10 | 1996 | 51 | 67 | 48 | 20 | 26 | 42.40
000623 | name00623 | 04 | 11 | 1996 | 71 | 13 | 92 | 87 | 51 | 62.80
000624 | name00624 | 18 | 07 | 1995 | 46 | 32 | 66 | 77 | 26 | 49.40
000625 | name00625 | 13 | 08 | 1996 | 81 | 26 | 17 | 35 | 28 | 37.40
000626 | name00626 | 04 | 10 | 1996 | 11 | 26 | 04 | 89 | 12 | 28.40
000627 | name00627 | 17 | 00 | 1996 | 52 | 41 | 75 | 04 | 70 | 48.40
000628 | name00628 | 01 | 08 | 1996 | 74 | 02 | 46 | 53 | 29 | 40.80
000629 | name00629 | 06 | 00 | 1996 | 29 | 86 | 98 | 57 | 29 | 59.80
000630 | name00630 | 26 | 08 | 1995 | 54 | 92 | 30 | 18 | 31 | 45.00
000631 | name00631 | 05 | 05 | 1995 | 19 | 80 | 40 | 42 | 23 | 40.80
000632 | name00632 | 18 | 03 | 1996 | 31 | 57 | 02 | 60 | 59 | 41.80
000633 | name00633 | 15 | 03 | 1995 | 57 | 73 | 45 | 38 | 01 | 42.80
000634 | name00634 | 02 | 11 | 1996 | 30 | 13 | 73 | 62 | 91 | 53.80
000635 | name00635 | 20 | 10 | 1996 | 59 | 90 | 05 | 82 | 66 | 60.40
000636 | name00636 | 16 | 00 | 1996 | 73 | 86 | 10 | 84 | 09 | 52.40
000637 | name00637 | 18 | 05 | 1995 | 11 | 70 | 57 | 12 | 08 | 31.60
000638 | name00638 | 06 | 00 | 1996 | 01 | 93 | 53 | 44 | 24 | 43.00
000639 | name00639 | 27 | 03 | 1995 | 93 | 64 | 18 | 59 | 32 | 53.20
000640 | name00640 | 21 | 09 | 1996 | 41 | 19 | 42 | 02 | 56 | 32.00
000641 | name00641 | 30 | 05 | 1996 | 37 | 30 | 32 | 46 | 18 | 32.60
000642 | name00642 | 28 | 01 | 1996 | 45 | 90 | 67 | 70 | 41 | 62.60
000643 | name00643 | 17 | 10 | 1995 | 43 | 76 | 45 | 76 | 79 | 63.80
000644 | name00644 | 22 | 05 | 1995 | 77 | 27 | 74 | 86 | 94 | 71.60
000645 | name00645 | 21 | 01 | 1995 | 77 | 37 | 30 | 47 | 89 | 56.00
000646 | name00646 | 11 | 10 | 1996 | 05 | 38 | 09 | 98 | 17 | 33.40
000647 | name00647 | 26 | 00 | 1995 | 91 | 81 | 40 | 22 | 40 | 54.80
000648 | name00648 | 21 | 06 | 1996 | 05 | 21 | 55 | 00 | 68 | 29.80
000649 | name00649 | 24 | 04 | 1995 | 98 | 14 | 45 | 88 | 81 | 65.20
000650 | name00650 | 04 | 07 | 1995 | 06 | 36 | 88 | 75 | 03 | 41.60
000651 | name00651 | 00 | 07 | 1995 | 57 | 28 | 69 | 97 | 54 | 61.00
000652 | name00652 | 10 | 07 | 1996 | 88 | 22 | 11 | 09 | 83 | 42.60
000653 | name00653 | 00 | 07 | 1995 | 13 | 04 | 22 | 94 | 20 | 30.60
000654 | name00654 | 07 | 00 | 1995 | 37 | 72 | 53 | 92 | 96 | 70.00
000655 | name00655 | 06 | 02 | 1995 | 21 | 59 | 51 | 27 | 27 | 37.00
000656 | name00656 | 08 | 10 | 1996 | 93 | 02 | 28 | 28 | 49 | 40.00
000657 | name00657 | 15 | 10 | 1996 | 92 | 84 | 09 | 64 | 85 | 66.80
000658 | name00658 | 22 | 03 | 1995 | 18 | 48 | 66 | 15 | 41 | 37.60
000659 | name00659 | 12 | 09 | 1995 | 68 | 24 | 41 | 95 | 95 | 64.60
000660 | name00660 | 19 | 03 | 1995 | 82 | 43 | 68 | 83 | 31 | 61.40
000661 | name00661 | 06 | 10 | 1996 | 67 | 60 | 39 | 53 | 06 | 45.00
000662 | name00662 | 28 | 07 | 1995 | 31 | 46 | 91 | 24 | 03 | 39.00
000663 | name00663 | 12 | 03 | 1996 | 89 | 28 | 71 | 36 | 60 | 56.80
000664 | name00664 | 14 | 08 | 1995 | 81 | 96 | 78 | 64 | 79 | 79.60
000665 | name00665 | 07 | 03 | 1996 | 36 | 79 | 52 | 94 | 61 | 64.40
000666 | name00666 | 23 | 03 | 1995 | 77 | 62 | 69 | 32 | 27 | 53.40
000667 | name00667 | 23 | 08 | 1995 | 88 | 27 | 04 | 49 | 65 | 46.60
000668 | name00668 | 10 | 03 | 1995 | 80 | 73 | 11 | 60 | 50 | 54.80
000669 | name00669 | 17 | 11 | 1995 | 29 | 11 | 33 | 43 | 94 | 42.00
000670 | name00670 | 04 | 07 | 1995 | 18 | 60 | 56 | 97 | 68 | 59.80
000671 | name00671 | 12 | 05 | 1996 | 43 | 69 | 58 | 60 | 01 | 46.20
000672 | name00672 | 13 | 07 | 1995 | 27 | 22 | 46 | 29 | 24 | 29.60
000673 | name00673 | 18 | 11 | 1995 | 68 | 04 | 49 | 62 | 60 | 48.60
000674 | name00674 | 16 | 06 | 1996 | 01 | 95 | 76 | 69 | 11 | 50.40
000675 | name00675 | 12 | 10 | 1996 | 63 | 40 | 67 | 17 | 94 | 56.20
000676 | name00676 | 06 | 07 | 1996 | 00 | 97 | 02 | 25 | 02 | 25.20
000677 | name00677 | 09 | 07 | 1995 | 78 | 80 | 36 | 38 | 20 | 50.40
000678 | name00678 | 08 | 01 | 1996 | 70 | 46 | 43 | 33 | 40 | 46.40
000679 | name00679 | 13 | 08 | 1996 | 66 | 60 | 20 | 12 | 38 | 39.20
000680 | name00680 | 07 | 09 | 1996 | 20 | 39 | 16 | 74 | 12 | 32.20
000681 | name00681 | 11 | 08 | 1995 | 27 | 85 | 81 | 99 | 60 | 70.40
000682 | name00682 | 04 | 09 | 1995 | 96 | 68 | 15 | 36 | 93 | 61.60
000683 | name00683 | 24 | 08 | 1996 | 68 | 64 | 23 | 58 | 88 | 60.20
000684 | name00684 | 21 | 09 | 1995 | 99 | 65 | 35 | 64 | 12 | 55.00
000685 | name00685 | 13 | 10 | 1996 | 68 | 87 | 43 | 28 | 38 | 52.80
000686 | name00686 | 19 | 10 | 1995 | 36 | 26 | 23 | 81 | 34 | 40.00
000687 | name00687 | 12 | 01 | 1995 | 79 | 16 | 60 | 67 | 77 | 59.80
000688 | name00688 | 27 | 04 | 1995 | 27 | 63 | 40 | 40 | 98 | 53.60
000689 | name00689 | 22 | 07 | 1996 | 34 | 74 | 95 | 24 | 42 | 53.80
000690 | name00690 | 01 | 07 | 1995 | 84 | 34 | 12 | 18 | 49 | 39.40
000691 | name00691 | 11 | 00 | 1995 | 73 | 84 | 00 | 02 | 46 | 41.00
000692 | name00692 | 21 | 11 | 1995 | 95 | 23 | 66 | 93 | 22 | 59.80
000693 | name00693 | 30 | 00 | 1996 | 24 | 08 | 81 | 18 | 66 | 39.40
000694 | name00694 | 04 | 01 | 1995 | 26 | 13 | 72 | 27 | 70 | 41.60
000695 | name00695 | 04 | 04 | 1996 | 28 | 60 | 50 | 27 | 40 | 41.00
000696 | name00696 | 24 | 09 | 1996 | 04 | 19 | 80 | 27 | 68 | 39.60
000697 | name00697 | 12 | 00 | 1995 | 53 | 69 | 63 | 71 | 14 | 54.00
000698 | name00698 | 04 | 01 | 1995 | 29 | 45 | 20 | 51 | 41 | 37.20
000699 | name00699 | 16 | 02 | 1996 | 92 | 48 | 48 | 84 | 29 | 60.20
000700 | name00700 | 30 | 03 | 1995 | 72 | 03 | 65 | 41 | 96 | 55.40
000701 | name00701 | 19 | 01 | 1996 | 74 | 00 | 72 | 88 | 64 | 59.60
000702 | name00702 | 00 | 05 | 1996 | 42 | 53 | 96 | 83 | 85 | 71.80
000703 | name00703 | 22 | 01 | 1996 | 43 | 05 | 61 | 25 | 59 | 38.60
000704 | name00704 | 27 | 03 | 1996 | 87 | 28 | 24 | 36 | 33 | 41.60
000705 | name00705 | 25 | 05 | 1996 | 10 | 10 | 96 | 27 | 07 | 30.00
000706 | name00706 | 01 | 04 | 1995 | 34 | 69 | 37 | 19 | 64 | 44.60
000707 | name00707 | 10 | 00 | 1996 | 52 | 61 | 32 | 11 | 45 | 40.20
000708 | name00708 | 23 | 10 | 1995 | 75 | 19 | 20 | 08 | 29 | 30.20
000709 | name00709 | 05 | 08 | 1996 | 20 | 64 | 18 | 27 | 45 | 34.80
000710 | name00710 | 10 | 01 | 1996 | 12 | 67 | 50 | 76 | 61 | 53.20
000711 | name00711 | 15 | 11 | 1996 | 59 | 68 | 76 | 04 | 15 | 44.40
000712 | name00712 | 25 | 04 | 1996 | 42 | 61 | 03 | 23 | 19 | 29.60
000713 | name00713 | 19 | 02 | 1996 | 87 | 85 | 18 | 32 | 28 | 50.00
000714 | name00714 | 17 | 11 | 1995 | 67 | 13 | 68 | 80 | 63 | 58.20
000715 | name00715 | 09 | 10 | 1995 | 71 | 74 | 78 | 39 | 97 | 71.80
000716 | name00716 | 22 | 10 | 1996 | 32 | 37 | 14 | 51 | 09 | 28.60
000717 | name00717 | 09 | 02 | 1995 | 18 | 12 | 81 | 98 | 12 | 44.20
000718 | name00718 | 26 | 06 | 1996 | 10 | 58 | 12 | 25 | 13 | 23.60
000719 | name00719 | 26 | 00 | 1996 | 84 | 78 | 76 | 82 | 49 | 73.80
000720 | name00720 | 04 | 09 | 1996 | 47 | 40 | 84 | 56 | 73 | 60.00
000721 | name00721 | 29 | 05 | 1996 | 91 | 86 | 41 | 03 | 82 | 60.60
000722 | name00722 | 11 | 11 | 1995 | 41 | 47 | 70 | 54 | 57 | 53.80
000723 | name00723 | 13 | 11 | 1996 | 48 | 19 | 75 | 98 | 29 | 53.80
000724 | name00724 | 08 | 11 | 1996 | 93 | 16 | 85 | 66 | 94 | 70.80
000725 | name00725 | 26 | 05 | 1996 | 76 | 50 | 89 | 59 | 33 | 61.40
000726 | name00726 | 09 | 07 | 1995 | 23 | 73 | 32 | 32 | 43 | 40.60
000727 | name00727 | 15 | 09 | 1995 | 43 | 53 | 94 | 25 | 06 | 44.20
000728 | name00728 | 02 | 02 | 1996 | 41 | 39 | 65 | 36 | 30 | 42.20
000729 | name00729 | 13 | 09 | 1995 | 24 | 62 | 69 | 09 | 38 | 40.40
000730 | name00730 | 09 | 03 | 1996 | 98 | 67 | 45 | 94 | 43 | 69.40
000731 | name00731 | 26 | 10 | 1996 | 28 | 84 | 64 | 34 | 09 | 43.80
000732 | name00732 | 06 | 01 | 1996 | 57 | 02 | 87 | 39 | 76 | 52.20
000733 | name00733 | 07 | 06 | 1995 | 23 | 19 | 61 | 61 | 92 | 51.20
000734 | name00734 | 14 | 11 | 1996 | 15 | 72 | 89 | 59 | 47 | 56.40
000735 | name00735 | 27 | 02 | 1996 | 15 | 62 | 61 | 24 | 32 | 38.80
000736 | name00736 | 25 | 03 | 1996 | 48 | 66 | 81 | 76 | 27 | 59.60
000737 | name00737 | 29 | 00 | 1995 | 50 | 93 | 63 | 95 | 41 | 68.40
000738 | name00738 | 22 | 10 | 1996 | 15 | 79 | 68 | 62 | 10 | 46.80
000739 | name00739 | 16 | 10 | 1996 | 80 | 51 | 01 | 12 | 98 | 48.40
000740 | name00740 | 03 | 01 | 1995 | 47 | 86 | 27 | 74 | 17 | 50.20
000741 | name00741 | 09 | 00 | 1995 | 01 | 92 | 15 | 94 | 82 | 56.80
000742 | name00742 | 09 | 07 | 1996 | 36 | 23 | 12 | 98 | 41 | 42.00
000743 | name00743 | 10 | 03 | 1996 | 05 | 28 | 37 | 03 | 09 | 16.40
000744 | name00744 | 25 | 10 | 1996 | 77 | 81 | 83 | 47 | 40 | 65.60
000745 | name00745 | 21 | 03 | 1996 | 52 | 34 | 40 | 86 | 91 | 60.60
000746 | name00746 | 05 | 08 | 1996 | 67 | 00 | 25 | 60 | 54 | 41.20
000747 | name00747 | 30 | 10 | 1996 | 80 | 71 | 15 | 90 | 14 | 54.00
000748 | name00748 | 18 | 11 | 1995 | 54 | 82 | 91 | 94 | 42 | 72.60
000749 | name00749 | 29 | 04 | 1995 | 44 | 80 | 85 | 35 | 75 | 63.80
000750 | name00750 | 07 | 02 | 1995 | 73 | 91 | 55 | 27 | 43 | 57.80
000751 | name00751 | 21 | 06 | 1996 | 60 | 53 | 65 | 27 | 26 | 46.20
000752 | name00752 | 25 | 07 | 1995 | 47 | 62 | 75 | 41 | 72 | 59.40
000753 | name00753 | 10 | 08 | 1995 | 47 | 25 | 03 | 22 | 98 | 39.00
000754 | name00754 | 25 | 01 | 1996 | 60 | 72 | 02 | 55 | 13 | 40.40
000755 | name00755 | 09 | 02 | 1996 | 46 | 96 | 52 | 72 | 60 | 65.20
000756 | name00756 | 06 | 09 | 1996 | 37 | 80 | 01 | 61 | 47 | 45.20
000757 | name00757 | 12 | 09 | 1995 | 66 | 84 | 20 | 16 | 53 | 47.80
000758 | name00758 | 24 | 11 | 1996 | 13 | 41 | 20 | 26 | 81 | 36.20
000759 | name00759 | 21 | 04 | 1996 | 47 | 56 | 52 | 07 | 32 | 38.80
000760 | name00760 | 04 | 03 | 1996 | 89 | 68 | 31 | 36 | 09 | 46.60
000761 | name00761 | 05 | 06 | 1996 | 97 | 54 | 43 | 50 | 44 | 57.60
000762 | name00762 | 03 | 08 | 1996 | 23 | 88 | 36 | 56 | 91 | 58.80
000763 | name00763 | 08 | 00 | 1995 | 96 | 40 | 98 | 28 | 97 | 71.80
000764 | name00764 | 11 | 10 | 1995 | 33 | 81 | 26 | 94 | 93 | 65.40
000765 | name00765 | 02 | 01 | 1995 | 66 | 64 | 93 | 10 | 98 | 66.20
000766 | name00766 | 09 | 08 | 1996 | 01 | 08 | 29 | 93 | 48 | 35.80
000767 | name00767 | 20 | 07 | 1995 | 57 | 29 | 77 | 06 | 46 | 43.00
000768 | name00768 | 28 | 00 | 1996 | 60 | 70 | 25 | 53 | 30 | 47.60
000769 | name00769 | 08 | 08 | 1996 | 14 | 89 | 11 | 12 | 50 | 35.20
000770 | name00770 | 20 | 09 | 1996 | 39 | 15 | 96 | 39 | 32 | 44.20
000771 | name00771 | 19 | 00 | 1995 | 61 | 13 | 48 | 08 | 92 | 44.40
000772 | name00772 | 06 | 07 | 1995 | 15 | 17 | 05 | 98 | 67 | 40.40
000773 | name00773 | 09 | 07 | 1995 | 90 | 58 | 46 | 92 | 42 | 65.60
000774 | name00774 | 14 | 08 | 1996 | 51 | 44 | 73 | 35 | 24 | 45.40
000775 | name00775 | 23 | 01 | 1995 | 74 | 26 | 46 | 66 | 71 | 56.60
000776 | name00776 | 27 | 06 | 1995 | 58 | 23 | 36 | 26 | 77 | 44.00
000777 | name00777 | 27 | 04 | 1996 | 94 | 58 | 12 | 36 | 42 | 48.40
000778 | name00778 | 04 | 09 | 1996 | 52 | 42 | 81 | 29 | 03 | 41.40
000779 | name00779 | 03 | 03 | 1996 | 36 | 65 | 95 | 07 | 54 | 51.40
000780 | name00780 | 20 | 02 | 1996 | 89 | 82 | 39 | 66 | 18 | 58.80
000781 | name00781 | 14 | 01 | 1995 | 09 | 49 | 00 | 04 | 57 | 23.80
000782 | name00782 | 28 | 05 | 1995 | 64 | 30 | 91 | 19 | 41 | 49.00
000783 | name00783 | 16 | 01 | 1996 | 75 | 44 | 37 | 29 | 10 | 39.00
000784 | name00784 | 01 | 10 | 1996 | 69 | 33 | 17 | 87 | 84 | 58.00
000785 | name00785 | 25 | 07 | 1995 | 04 | 51 | 50 | 13 | 73 | 38.20
000786 | name00786 | 07 | 03 | 1996 | 34 | 18 | 56 | 75 | 28 | 42.20
000787 | name00787 | 04 | 00 | 1996 | 02 | 41 | 85 | 12 | 76 | 43.20
000788 | name00788 | 07 | 07 | 1995 | 13 | 80 | 85 | 97 | 86 | 72.20
000789 | name00789 | 10 | 07 | 1995 | 40 | 45 | 56 | 13 | 97 | 50.20
000790 | name00790 | 29 | 02 | 1996 | 02 | 59 | 58 | 82 | 16 | 43.40
000791 | name00791 | 04 | 02 | 1995 | 04 | 23 | 30 | 32 | 02 | 18.20
000792 | name00792 | 10 | 02 | 1996 | 25 | 68 | 65 | 64 | 57 | 55.80
000793 | name00793 | 09 | 02 | 1996 | 06 | 62 | 15 | 55 | 46 | 36.80
000794 | name00794 | 15 | 02 | 1995 | 76 | 96 | 82 | 45 | 10 | 61.80
000795 | name00795 | 10 | 03 | 1995 | 43 | 98 | 51 | 46 | 43 | 56.20
000796 | name00796 | 12 | 05 | 1996 | 01 | 78 | 85 | 10 | 39 | 42.60
000797 | name00797 | 12 | 00 | 1996 | 54 | 27 | 52 | 00 | 44 | 35.40
000798 | name00798 | 10 | 08 | 1996 | 90 | 34 | 70 | 00 | 55 | 49.80
000799 | name00799 | 06 | 07 | 1995 | 83 | 18 | 96 | 79 | 51 | 65.40
000800 | name00800 | 15 | 08 | 1996 | 88 | 85 | 67 | 79 | 76 | 79.00
000801 | name00801 | 26 | 00 | 1995 | 58 | 28 | 34 | 03 | 22 | 29.00
000802 | name00802 | 22 | 04 | 1995 | 21 | 98 | 13 | 76 | 35 | 48.60
000803 | name00803 | 29 | 10 | 1996 | 98 | 75 | 50 | 01 | 37 | 52.20
000804 | name00804 | 27 | 02 | 1996 | 87 | 26 | 57 | 15 | 05 | 38.00
000805 | name00805 | 04 | 06 | 1995 | 14 | 32 | 19 | 36 | 19 | 24.00
000806 | name00806 | 24 | 05 | 1995 | 49 | 62 | 20 | 84 | 94 | 61.80
000807 | name00807 | 01 | 07 | 1995 | 25 | 57 | 45 | 62 | 07 | 39.20
000808 | name00808 | 25 | 04 | 1995 | 30 | 49 | 62 | 87 | 34 | 52.40
000809 | name00809 | 11 | 11 | 1995 | 44 | 74 | 37 | 15 | 73 | 48.60
000810 | name00810 | 16 | 11 | 1995 | 52 | 27 | 59 | 46 | 26 | 42.00
000811 | name00811 | 04 | 10 | 1996 | 24 | 87 | 66 | 83 | 43 | 60.60
000812 | name00812 | 26 | 02 | 1996 | 59 | 92 | 13 | 93 | 04 | 52.20
000813 | name00813 | 18 | 10 | 1995 | 91 | 31 | 16 | 16 | 69 | 44.60
000814 | name00814 | 01 | 07 | 1996 | 03 | 50 | 19 | 81 | 16 | 33.80
000815 | name00815 | 00 | 00 | 1995 | 00 | 50 | 24 | 96 | 60 | 46.00
000816 | name00816 | 18 | 09 | 1996 | 98 | 34 | 65 | 02 | 51 | 50.00
000817 | name00817 | 23 | 06 | 1995 | 42 | 18 | 10 | 63 | 94 | 45.40
000818 | name00818 | 11 | 08 | 1996 | 03 | 07 | 78 | 20 | 20 | 25.60
000819 | name00819 | 28 | 08 | 1995 | 65 | 36 | 68 | 25 | 42 | 47.20
000820 | name00820 | 00 | 05 | 1995 | 76 | 62 | 94 | 79 | 73 | 76.80
000821 | name00821 | 04 | 01 | 1996 | 67 | 88 | 30 | 61 | 41 | 57.40
000822 | name00822 | 26 | 06 | 1996 | 25 | 40 | 17 | 97 | 03 | 36.40
000823 | name00823 | 13 | 01 | 1995 | 66 | 90 | 97 | 08 | 32 | 58.60
000824 | name00824 | 02 | 09 | 1995 | 60 | 95 | 40 | 33 | 44 | 54.40
000825 | name00825 | 06 | 00 | 1995 | 05 | 82 | 25 | 47 | 00 | 31.80
000826 | name00826 | 10 | 00 | 1996 | 76 | 61 | 74 | 31 | 90 | 66.40
000827 | name00827 | 24 | 07 | 1995 | 86 | 01 | 69 | 18 | 99 | 54.60
000828 | name00828 | 00 | 10 | 1995 | 65 | 70 | 45 | 10 | 88 | 55.60
000829 | name00829 | 21 | 02 | 1996 | 80 | 99 | 92 | 81 | 87 | 87.80
000830 | name00830 | 28 | 06 | 1995 | 49 | 85 | 47 | 92 | 81 | 70.80
000831 | name00831 | 05 | 08 | 1996 | 56 | 21 | 37 | 55 | 91 | 52.00
000832 | name00832 | 23 | 11 | 1996 | 38 | 61 | 67 | 78 | 59 | 60.60
000833 | name00833 | 17 | 11 | 1996 | 92 | 68 | 72 | 80 | 56 | 73.60
000834 | name00834 | 16 | 08 | 1995 | 20 | 95 | 02 | 01 | 98 | 43.20
000835 | name00835 | 06 | 00 | 1995 | 76 | 57 | 62 | 67 | 72 | 66.80
000836 | name00836 | 07 | 04 | 1995 | 90 | 95 | 40 | 01 | 88 | 62.80
000837 | name00837 | 09 | 05 | 1996 | 84 | 65 | 61 | 92 | 00 | 60.40
000838 | name00838 | 26 | 02 | 1995 | 04 | 04 | 25 | 03 | 59 | 19.00
000839 | name00839 | 11 | 09 | 1996 | 02 | 71 | 54 | 27 | 01 | 31.00
000840 | name00840 | 25 | 09 | 1996 | 78 | 82 | 45 | 67 | 50 | 64.40
000841 | name00841 | 25 | 04 | 1995 | 55 | 61 | 78 | 08 | 70 | 54.40
000842 | name00842 | 23 | 08 | 1995 | 37 | 06 | 29 | 96 | 03 | 34.20
000843 | name00843 | 06 | 03 | 1995 | 62 | 90 | 85 | 15 | 25 | 55.40
000844 | name00844 | 03 | 07 | 1996 | 60 | 04 | 22 | 10 | 42 | 27.60
000845 | name00845 | 29 | 08 | 1996 | 83 | 27 | 05 | 53 | 08 | 35.20
000846 | name00846 | 08 | 04 | 1996 | 96 | 09 | 94 | 99 | 48 | 69.20
000847 | name00847 | 12 | 09 | 1996 | 71 | 94 | 78 | 96 | 73 | 82.40
000848 | name00848 | 21 | 00 | 1996 | 93 | 74 | 96 | 87 | 97 | 89.40
000849 | name00849 | 11 | 01 | 1995 | 71 | 94 | 34 | 79 | 32 | 62.00
000850 | name00850 | 12 | 01 | 1995 | 23 | 23 | 80 | 24 | 04 | 30.80
000851 | name00851 | 07 | 07 | 1995 | 84 | 17 | 24 | 57 | 07 | 37.80
000852 | name00852 | 02 | 02 | 1995 | 03 | 90 | 40 | 00 | 35 | 33.60
000853 | name00853 | 06 | 00 | 1995 | 71 | 66 | 38 | 56 | 80 | 62.20
000854 | name00854 | 29 | 08 | 1995 | 90 | 68 | 80 | 94 | 58 | 78.00
000855 | name00855 | 19 | 02 | 1995 | 88 | 47 | 03 | 95 | 75 | 61.60
000856 | name00856 | 27 | 00 | 1995 | 88 | 92 | 30 | 23 | 69 | 60.40
000857 | name00857 | 30 | 01 | 1995 | 29 | 19 | 00 | 10 | 86 | 28.80
000858 | name00858 | 05 | 06 | 1995 | 57 | 98 | 23 | 15 | 17 | 42.00
000859 | name00859 | 04 | 01 | 1996 | 96 | 64 | 53 | 72 | 62 | 69.40
000860 | name00860 | 13 | 06 | 1995 | 97 | 85 | 25 | 18 | 48 | 54.60
000861 | name00861 | 15 | 02 | 1996 | 78 | 63 | 39 | 16 | 52 | 49.60
000862 | name00862 | 03 | 05 | 1996 | 55 | 20 | 77 | 24 | 17 | 38.60
000863 | name00863 | 17 | 02 | 1995 | 55 | 87 | 38 | 17 | 92 | 57.80
000864 | name00864 | 14 | 07 | 1996 | 77 | 96 | 59 | 25 | 02 | 51.80
000865 | name00865 | 15 | 11 | 1995 | 36 | 94 | 49 | 40 | 04 | 44.60
000866 | name00866 | 22 | 06 | 1996 | 14 | 31 | 36 | 83 | 21 | 37.00
000867 | name00867 | 25 | 09 | 1995 | 57 | 87 | 97 | 01 | 80 | 64.40
000868 | name00868 | 23 | 10 | 1996 | 64 | 53 | 35 | 19 | 26 | 39.40
000869 | name00869 | 27 | 07 | 1996 | 36 | 52 | 07 | 40 | 46 | 36.20
000870 | name00870 | 22 | 04 | 1995 | 44 | 88 | 96 | 18 | 10 | 51.20
000871 | name00871 | 08 | 02 | 1996 | 33 | 96 | 20 | 65 | 64 | 55.60
000872 | name00872 | 17 | 06 | 1996 | 19 | 09 | 48 | 97 | 51 | 44.80
000873 | name00873 | 20 | 04 | 1995 | 04 | 72 | 28 | 02 | 85 | 38.20
000874 | name00874 | 06 | 11 | 1995 | 72 | 63 | 48 | 82 | 60 | 65.00
000875 | name00875 | 24 | 05 | 1996 | 42 | 73 | 10 | 07 | 39 | 34.20
000876 | name00876 | 02 | 00 | 1995 | 94 | 36 | 60 | 46 | 39 | 55.00
000877 | name00877 | 15 | 02 | 1996 | 48 | 66 | 98 | 34 | 99 | 69.00
000878 | name00878 | 17 | 00 | 1996 | 28 | 64 | 06 | 88 | 10 | 39.20
000879 | name00879 | 15 | 06 | 1996 | 33 | 44 | 12 | 72 | 81 | 48.40
000880 | name00880 | 02 | 07 | 1995 | 88 | 95 | 74 | 27 | 71 | 71.00
000881 | name00881 | 27 | 11 | 1995 | 26 | 73 | 06 | 25 | 86 | 43.20
000882 | name00882 | 06 | 01 | 1995 | 38 | 55 | 06 | 00 | 14 | 22.60
000883 | name00883 | 24 | 09 | 1996 | 89 | 69 | 72 | 70 | 21 | 64.20
000884 | name00884 | 12 | 06 | 1996 | 54 | 20 | 89 | 25 | 32 | 44.00
000885 | name00885 | 27 | 01 | 1996 | 37 | 55 | 84 | 75 | 29 | 56.00
000886 | name00886 | 05 | 01 | 1996 | 40 | 99 | 20 | 55 | 92 | 61.20
000887 | name00887 | 24 | 06 | 1996 | 47 | 26 | 03 | 68 | 33 | 35.40
000888 | name00888 | 04 | 06 | 1996 | 74 | 19 | 17 | 07 | 35 | 30.40
000889 | name00889 | 04 | 10 | 1995 | 22 | 02 | 99 | 51 | 88 | 52.40
000890 | name00890 | 16 | 03 | 1995 | 91 | 91 | 35 | 35 | 68 | 64.00
000891 | name00891 | 19 | 04 | 1996 | 64 | 72 | 36 | 50 | 26 | 49.60
000892 | name00892 | 20 | 05 | 1995 | 37 | 58 | 07 | 72 | 25 | 39.80
000893 | name00893 | 11 | 00 | 1996 | 28 | 43 | 50 | 16 | 35 | 34.40
000894 | name00894 | 16 | 00 | 1995 | 12 | 32 | 14 | 81 | 22 | 32.20
000895 | name00895 | 29 | 00 | 1995 | 58 | 84 | 40 | 84 | 02 | 53.60
000896 | name00896 | 04 | 09 | 1996 | 92 | 44 | 11 | 17 | 70 | 46.80
000897 | name00897 | 19 | 04 | 1995 | 02 | 67 | 66 | 89 | 40 | 52.80
000898 | name00898 | 15 | 04 | 1996 | 46 | 34 | 86 | 20 | 68 | 50.80
000899 | name00899 | 05 | 11 | 1996 | 23 | 51 | 63 | 25 | 33 | 39.00
000900 | name00900 | 05 | 05 | 1995 | 93 | 76 | 95 | 63 | 84 | 82.20
000901 | name00901 | 16 | 05 | 1995 | 31 | 79 | 28 | 71 | 45 | 50.80
000902 | name00902 | 02 | 08 | 1995 | 30 | 14 | 64 | 50 | 53 | 42.20
000903 | name00903 | 15 | 09 | 1995 | 27 | 93 | 53 | 12 | 93 | 55.60
000904 | name00904 | 18 | 10 | 1995 | 47 | 86 | 01 | 83 | 50 | 53.40
000905 | name00905 | 25 | 05 | 1996 | 45 | 49 | 56 | 43 | 45 | 47.60
000906 | name00906 | 00 | 11 | 1996 | 51 | 51 | 30 | 04 | 79 | 43.00
000907 | name00907 | 25 | 08 | 1995 | 04 | 86 | 70 | 50 | 04 | 42.80
000908 | name00908 | 26 | 04 | 1996 | 99 | 90 | 86 | 01 | 56 | 66.40
000909 | name00909 | 24 | 02 | 1995 | 09 | 94 | 97 | 07 | 79 | 57.20
000910 | name00910 | 14 | 02 | 1996 | 87 | 16 | 39 | 18 | 28 | 37.60
000911 | name00911 | 22 | 04 | 1995 | 58 | 47 | 34 | 14 | 60 | 42.60
000912 | name00912 | 08 | 02 | 1996 | 65 | 56 | 64 | 21 | 16 | 44.40
000913 | name00913 | 07 | 07 | 1995 | 96 | 76 | 85 | 28 | 12 | 59.40
000914 | name00914 | 25 | 03 | 1995 | 40 | 02 | 70 | 20 | 74 | 41.20
000915 | name00915 | 02 | 04 | 1995 | 46 | 91 | 51 | 06 | 66 | 52.00
000916 | name00916 | 16 | 09 | 1996 | 29 | 33 | 04 | 46 | 35 | 29.40
000917 | name00917 | 26 | 08 | 1996 | 08 | 09 | 11 | 21 | 32 | 16.20
000918 | name00918 | 06 | 09 | 1995 | 77 | 43 | 92 | 03 | 42 | 51.40
000919 | name00919 | 05 | 08 | 1995 | 40 | 91 | 94 | 06 | 12 | 48.60
000920 | name00920 | 11 | 05 | 1996 | 48 | 93 | 39 | 35 | 77 | 58.40
000921 | name00921 | 15 | 11 | 1995 | 76 | 82 | 59 | 09 | 57 | 56.60
000922 | name00922 | 28 | 01 | 1995 | 27 | 26 | 89 | 22 | 75 | 47.80
000923 | name00923 | 05 | 06 | 1996 | 68 | 57 | 73 | 32 | 72 | 60.40
000924 | name00924 | 14 | 06 | 1996 | 07 | 17 | 08 | 85 | 33 | 30.00
000925 | name00925 | 16 | 11 | 1996 | 14 | 82 | 70 | 71 | 66 | 60.60
000926 | name00926 | 16 | 05 | 1996 | 30 | 98 | 67 | 05 | 28 | 45.60
000927 | name00927 | 09 | 08 | 1995 | 87 | 45 | 81 | 59 | 59 | 66.20
000928 | name00928 | 30 | 00 | 1995 | 76 | 45 | 51 | 09 | 24 | 41.00
000929 | name00929 | 17 | 07 | 1995 | 56 | 93 | 61 | 74 | 49 | 66.60
000930 | name00930 | 25 | 04 | 1996 | 21 | 91 | 36 | 49 | 21 | 43.60
000931 | name00931 | 15 | 01 | 1995 | 05 | 30 | 68 | 64 | 89 | 51.20
000932 | name00932 | 10 | 07 | 1995 | 97 | 82 | 27 | 74 | 09 | 57.80
000933 | name00933 | 24 | 00 | 1996 | 96 | 78 | 92 | 45 | 00 | 62.20
000934 | name00934 | 30 | 05 | 1996 | 07 | 13 | 22 | 29 | 74 | 29.00
000935 | name00935 | 14 | 05 | 1996 | 02 | 57 | 96 | 92 | 62 | 61.80
000936 | name00936 | 10 | 10 | 1996 | 61 | 37 | 85 | 70 | 88 | 68.20
000937 | name00937 | 12 | 04 | 1995 | 80 | 32 | 29 | 80 | 00 | 44.20
000938 | name00938 | 30 | 06 | 1996 | 72 | 76 | 36 | 46 | 48 | 55.60
000939 | name00939 | 19 | 01 | 1996 | 31 | 73 | 95 | 93 | 00 | 58.40
000940 | name00940 | 24 | 01 | 1995 | 42 | 42 | 36 | 82 | 44 | 49.20
000941 | name00941 | 13 | 02 | 1995 | 60 | 00 | 57 | 60 | 06 | 36.60
000942 | name00942 | 15 | 04 | 1995 | 39 | 56 | 76 | 88 | 30 | 57.80
000943 | name00943 | 15 | 07 | 1995 | 27 | 38 | 59 | 80 | 43 | 49.40
000944 | name00944 | 17 | 02 | 1996 | 59 | 82 | 20 | 03 | 11 | 35.00
000945 | name00945 | 25 | 08 | 1996 | 38 | 89 | 84 | 97 | 00 | 61.60
000946 | name00946 | 29 | 03 | 1996 | 60 | 04 | 31 | 91 | 10 | 39.20
000947 | name00947 | 04 | 09 | 1996 | 12 | 16 | 69 | 55 | 85 | 47.40
000948 | name00948 | 22 | 09 | 1995 | 50 | 13 | 99 | 61 | 03 | 45.20
000949 | name00949 | 02 | 00 | 1995 | 20 | 68 | 91 | 72 | 72 | 64.60
000950 | name00950 | 21 | 00 | 1996 | 74 | 47 | 76 | 36 | 22 | 51.00
000951 | name00951 | 12 | 02 | 1995 | 01 | 95 | 42 | 86 | 63 | 57.40
000952 | name00952 | 12 | 02 | 1996 | 00 | 34 | 74 | 55 | 17 | 36.00
000953 | name00953 | 28 | 09 | 1995 | 27 | 40 | 62 | 51 | 59 | 47.80
000954 | name00954 | 12 | 00 | 1996 | 78 | 60 | 22 | 00 | 45 | 41.00
000955 | name00955 | 09 | 06 | 1996 | 95 | 80 | 85 | 58 | 67 | 77.00
000956 | name00956 | 02 | 07 | 1996 | 06 | 97 | 75 | 23 | 08 | 41.80
000957 | name00957 | 07 | 01 | 1996 | 65 | 76 | 38 | 76 | 06 | 52.20
000958 | name00958 | 25 | 05 | 1995 | 35 | 35 | 36 | 81 | 35 | 44.40
000959 | name00959 | 25 | 00 | 1996 | 55 | 17 | 41 | 23 | 37 | 34.60
000960 | name00960 | 08 | 02 | 1996 | 62 | 69 | 19 | 22 | 46 | 43.60
000961 | name00961 | 15 | 05 | 1996 | 60 | 48 | 39 | 67 | 23 | 47.40
000962 | name00962 | 20 | 03 | 1995 | 40 | 40 | 39 | 75 | 67 | 52.20
000963 | name00963 | 09 | 02 | 1995 | 37 | 48 | 97 | 26 | 65 | 54.60
000964 | name00964 | 29 | 06 | 1996 | 13 | 93 | 02 | 11 | 25 | 28.80
000965 | name00965 | 05 | 02 | 1995 | 11 | 13 | 57 | 34 | 18 | 26.60
000966 | name00966 | 19 | 01 | 1995 | 04 | 84 | 85 | 71 | 56 | 60.00
000967 | name00967 | 13 | 02 | 1996 | 44 | 43 | 71 | 09 | 39 | 41.20
000968 | name00968 | 16 | 04 | 1996 | 38 | 90 | 64 | 16 | 54 | 52.40
000969 | name00969 | 20 | 02 | 1996 | 04 | 63 | 00 | 74 | 75 | 43.20
000970 | name00970 | 25 | 00 | 1995 | 29 | 22 | 51 | 85 | 66 | 50.60
000971 | name00971 | 15 | 06 | 1995 | 93 | 54 | 71 | 32 | 99 | 69.80
000972 | name00972 | 15 | 09 | 1995 | 02 | 54 | 06 | 08 | 45 | 23.00
000973 | name00973 | 27 | 01 | 1996 | 75 | 25 | 28 | 02 | 70 | 40.00
000974 | name00974 | 24 | 02 | 1995 | 86 | 86 | 37 | 04 | 35 | 49.60
000975 | name00975 | 03 | 06 | 1995 | 22 | 89 | 65 | 73 | 01 | 50.00
000976 | name00976 | 09 | 11 | 1996 | 08 | 69 | 63 | 05 | 81 | 45.20
000977 | name00977 | 04 | 11 | 1995 | 14 | 39 | 63 | 84 | 03 | 40.60
000978 | name00978 | 07 | 08 | 1995 | 83 | 74 | 46 | 71 | 94 | 73.60
000979 | name00979 | 13 | 11 | 1995 | 54 | 68 | 93 | 55 | 23 | 58.60
000980 | name00980 | 28 | 10 | 1996 | 78 | 77 | 41 | 12 | 66 | 54.80
000981 | name00981 | 10 | 08 | 1995 | 39 | 83 | 16 | 94 | 81 | 62.60
000982 | name00982 | 29 | 08 | 1995 | 79 | 31 | 87 | 25 | 96 | 63.60
000983 | name00983 | 14 | 05 | 1995 | 59 | 38 | 58 | 82 | 95 | 66.40
000984 | name00984 | 06 | 06 | 1995 | 50 | 07 | 86 | 68 | 59 | 54.00
000985 | name00985 | 08 | 08 | 1995 | 94 | 16 | 44 | 27 | 73 | 50.80
000986 | name00986 | 12 | 07 | 1995 | 64 | 31 | 29 | 12 | 22 | 31.60
000987 | name00987 | 07 | 02 | 1996 | 13 | 72 | 16 | 08 | 45 | 30.80
000988 | name00988 | 17 | 10 | 1996 | 93 | 72 | 15 | 52 | 31 | 52.60
000989 | name00989 | 18 | 10 | 1996 | 83 | 98 | 04 | 57 | 31 | 54.60
000990 | name00990 | 17 | 05 | 1996 | 30 | 91 | 59 | 04 | 17 | 40.20
000991 | name00991 | 22 | 10 | 1995 | 46 | 54 | 91 | 43 | 40 | 54.80
000992 | name00992 | 07 | 02 | 1996 | 50 | 05 | 37 | 33 | 72 | 39.40
000993 | name00993 | 00 | 02 | 1995 | 41 | 66 | 17 | 25 | 65 | 42.80
000994 | name00994 | 11 | 08 | 1995 | 73 | 32 | 00 | 91 | 06 | 40.40
000995 | name00995 | 08 | 01 | 1995 | 96 | 64 | 96 | 36 | 94 | 77.20
000996 | name00996 | 26 | 01 | 1995 | 44 | 06 | 29 | 68 | 49 | 39.20
000997 | name00997 | 22 | 00 | 1996 | 05 | 45 | 68 | 70 | 28 | 43.20
000998 | name00998 | 16 | 02 | 1996 | 24 | 71 | 92 | 30 | 61 | 55.60
000999 | name00999 | 08 | 11 | 1995 | 34 | 31 | 94 | 28 | 17 | 40.80
001000 | name01000 | 03 | 00 | 1996 | 74 | 53 | 34 | 76 | 92 | 65.80
